version: 1
creator: callgrind-3.11.0
pid: 10769
cmd:  ./example1.x
part: 1


desc: I1 cache: 
desc: D1 cache: 
desc: LL cache: 

desc: Timerange: Basic block 0 - 375079
desc: Trigger: Program termination

positions: line
events: Ir
summary: 2599144


ob=(1) /lib/x86_64-linux-gnu/ld-2.23.so
fl=(45) /build/glibc-Cl5G7W/glibc-2.23/elf/dl-reloc.c
fn=(166) _dl_relocate_object
149 50
+15 5
-15 10
+15 5
+1 30
+6 10
+6 15
-18 10
+22 10
+7 5
-32 5
+32 5
+44 5
fi=(5) /build/glibc-Cl5G7W/glibc-2.23/elf/../sysdeps/x86_64/dl-machine.h
76 15
fe=(45)
232 10
fi=(5)
76 15
+6 8
+4 12
+14 4
-8 4
+10 4
-2 8
+20 8
+9 3
fe=(45)
258 206
-98 24
fi=(5)
301 32
fe=(45)
-43 4
fi=(4) /build/glibc-Cl5G7W/glibc-2.23/elf/do-rel.h
58 4
-10 4
-1 8
+11 4
-11 4
+11 4
fe=(45)
258 1
-98 6
fi=(5)
301 8
fe=(45)
-43 1
fi=(4)
58 1
-10 1
-1 2
+11 1
-11 1
+11 1
fe=(45)
258 5
fi=(4)
58 5
-10 5
-1 10
+11 5
-11 5
+11 5
+3 20
fi=(5)
528 68
+4 68
+2 102
+1 34
fi=(4)
61 162
+2 224
+2 70
-4 6
+13 8
+1 10
+1 44
fi=(5)
528 22
+26 22
fi=(4)
75 22
fi=(5)
554 44
cob=(4) /lib/x86_64-linux-gnu/libm-2.23.so
cfi=(60) ???
cfn=(228) sin
calls=1 0 
* 8
cob=(4)
cfi=(60)
cfn=(226) __atan2_finite
calls=1 0 
* 8
cob=(4)
cfi=(62) /build/glibc-Cl5G7W/glibc-2.23/math/../sysdeps/x86_64/fpu/multiarch/e_asin.c
cfn=(224) __asin_finite
calls=1 16 
* 5
cob=(4)
cfi=(64) /build/glibc-Cl5G7W/glibc-2.23/math/../sysdeps/x86_64/fpu/multiarch/s_floor.S
cfn=(222) floor
calls=1 25 
* 5
cob=(4)
cfi=(63) /build/glibc-Cl5G7W/glibc-2.23/math/../sysdeps/x86_64/fpu/multiarch/s_floorf.S
cfn=(220) floorf
calls=1 25 
* 5
cob=(4)
cfi=(62)
cfn=(218) __acos_finite
calls=1 10 
* 5
cob=(4)
cfi=(61) /build/glibc-Cl5G7W/glibc-2.23/math/../sysdeps/x86_64/fpu/multiarch/s_rintf.S
cfn=(216) rintf
calls=1 25 
* 5
cob=(4)
cfi=(60)
cfn=(214) __log_finite
calls=1 0 
* 8
cob=(4)
cfi=(59) /build/glibc-Cl5G7W/glibc-2.23/math/../sysdeps/x86_64/fpu/multiarch/e_pow.c
cfn=(212) __pow_finite
calls=1 8 
* 5
cob=(4)
cfi=(58) /build/glibc-Cl5G7W/glibc-2.23/math/../sysdeps/x86_64/fpu/multiarch/s_ceil.S
cfn=(210) ceil
calls=1 25 
* 5
cob=(4)
cfi=(57) /build/glibc-Cl5G7W/glibc-2.23/math/../sysdeps/x86_64/fpu/multiarch/s_ceilf.S
cfn=(208) ceilf
calls=1 25 
* 5
cob=(4)
cfi=(56) /build/glibc-Cl5G7W/glibc-2.23/math/../sysdeps/x86_64/fpu/multiarch/s_rint.S
cfn=(206) rint
calls=1 25 
* 5
cob=(4)
cfi=(55) /build/glibc-Cl5G7W/glibc-2.23/math/../sysdeps/x86_64/fpu/multiarch/s_sin.c
cfn=(204) cos
calls=1 12 
* 8
cob=(4)
cfi=(54) /build/glibc-Cl5G7W/glibc-2.23/math/../sysdeps/x86_64/fpu/multiarch/e_exp.c
cfn=(202) __exp_finite
calls=1 9 
* 8
cob=(3) /lib/x86_64-linux-gnu/libc-2.23.so
cfi=(53) ???
cfn=(198) memcpy@GLIBC_2.2.5
calls=1 0 
* 11
cob=(3)
cfi=(52) /build/glibc-Cl5G7W/glibc-2.23/time/../sysdeps/unix/sysv/linux/x86/gettimeofday.c
cfn=(194) gettimeofday
calls=1 37 
* 66
cob=(3)
cfi=(51) /build/glibc-Cl5G7W/glibc-2.23/string/../sysdeps/x86_64/multiarch/strspn.S
cfn=(192) strspn
calls=1 30 
* 6
cob=(3)
cfi=(50) /build/glibc-Cl5G7W/glibc-2.23/string/../sysdeps/x86_64/multiarch/strcspn.S
cfn=(190) strpbrk
calls=1 45 
* 6
cob=(3)
cfi=(46) /build/glibc-Cl5G7W/glibc-2.23/string/../sysdeps/x86_64/multiarch/strcmp.S
cfn=(188) strncasecmp
calls=1 129 
* 5
cob=(3)
cfi=(50)
cfn=(186) strcspn
calls=1 45 
* 6
cob=(3)
cfi=(47) /build/glibc-Cl5G7W/glibc-2.23/time/../sysdeps/unix/sysv/linux/x86/time.c
cfn=(180) time
calls=1 38 
* 66
cob=(3)
cfi=(46)
cfn=(178) strcasecmp
calls=1 109 
* 5
fi=(4)
75 22
fi=(5)
555 22
fi=(4)
75 28
fe=(45)
258 4
fi=(4)
75 16
fe=(45)
258 16
+3 20
+24 5
+3 10
+17 15
+2 40
fi=(4)
84 6
-1 6
+3 12
-3 6
+3 6
+12 18
+10 8
+3 11
fi=(5)
512 3
fi=(4)
112 6
fi=(5)
512 1198
fi=(4)
112 2384
fi=(5)
512 2384
+5 2390
+1 2390
fi=(4)
111 2390
fi=(5)
518 1195
fi=(4)
111 1195
+7 18
+6 5
-3 10
+3 13
fi=(5)
447 12
fi=(4)
127 412
+9 206
+3 103
-3 103
+3 103
fi=(5)
269 103
fi=(4)
138 103
-2 103
+1 412
fi=(5)
269 103
+21 206
+4 206
+7 2008
fi=(4)
137 86
fi=(5)
301 172
fi=(4)
137 86
fi=(5)
301 86
fi=(4)
137 86
fi=(5)
301 1376
cfi=(6) /build/glibc-Cl5G7W/glibc-2.23/elf/dl-lookup.c
cfn=(172) _dl_lookup_symbol_x
calls=86 806 
* 53123
* 688
+2 267
+3 97
-3 194
+3 291
+6 618
fe=(45)
178 10
fi=(5)
435 264
fi=(4)
124 317
+19 8
fi=(5)
301 54
fi=(4)
108 3
fi=(5)
407 45
+4 75
+14 75
fe=(45)
313 25
+3 5
-3 10
+3 5
+4 10
+1 20
cfi=(39) /build/glibc-Cl5G7W/glibc-2.23/misc/../sysdeps/unix/syscall-template.S
cfn=(126) mprotect
calls=5 84 
* 25
* 15
fi=(5)
123 20
+6 16
fe=(45)
258 3
fi=(4)
129 10
fi=(5)
301 87
fi=(4)
160 7
+2 20
+8 10
+1 5
-1 5
+1 5
fi=(5)
+98 5
fi=(4)
-99 15
fi=(5)
+99 5
+21 10
+4 10
+7 180
cfi=(6)
cfn=(172)
calls=5 806 
* 2629
* 35
+2 15
+3 1
-3 2
+3 3
+6 30
435 15
fi=(4)
160 17
+14 2
fi=(5)
301 6
fe=(45)

fl=(24) /build/glibc-Cl5G7W/glibc-2.23/io/../sysdeps/unix/syscall-template.S
fn=(112) read
84 12
+1 3

fn=(68) access
84 16
+2 20

fn=(132) close
84 16
+1 4

fn=(110) open
84 36
+1 4
+1 25

fl=(77) /build/glibc-Cl5G7W/glibc-2.23/elf/../sysdeps/x86_64/dl-trampoline.h
fn=(300) _dl_runtime_resolve_avx
64 1
+3 1
+2 1
+2 1
+3 1
+1 1
+1 1
+1 1
+1 1
+1 1
+1 1
+1 1
+1 1
+1 1
+1 1
+1 1
+1 1
+1 1
+1 1
+5 1
+1 1
+1 1
+1 1
+14 1
+1 1
+1 1
cfi=(78) /build/glibc-Cl5G7W/glibc-2.23/elf/../elf/dl-runtime.c
cfn=(302) _dl_fixup
calls=1 -46 
* 1010
+1 1
+5 1
+1 1
+1 1
+1 1
+13 1
+1 1
+1 1
+1 1
+1 1
+1 1
+1 1
+1 1
+1 1
+1 1
+1 1
+1 1
+1 1
+1 1
+1 1
+2 1
+2 1
+4 1
+3 1
cob=(3)
cfi=(79) /build/glibc-Cl5G7W/glibc-2.23/csu/../csu/libc-start.c
cfn=(306) (below main)
calls=1 -25 
* 2484916

fn=(301) _dl_runtime_resolve_avx'2
64 11
+3 11
+2 11
+2 11
+3 11
+1 11
+1 11
+1 11
+1 11
+1 11
+1 11
+1 11
+1 11
+1 11
+1 11
+1 11
+1 11
+1 11
+1 11
+5 11
+1 11
+1 11
+1 11
+14 11
+1 11
+1 11
cfi=(78)
cfn=(302)
calls=11 -46 
* 10452
+1 11
+5 11
+1 11
+1 11
+1 11
+13 11
+1 11
+1 11
+1 11
+1 11
+1 11
+1 11
+1 11
+1 11
+1 11
+1 11
+1 11
+1 11
+1 11
+1 11
+2 11
+2 11
+4 11
+3 11
cob=(3)
cfi=(92) /build/glibc-Cl5G7W/glibc-2.23/malloc/malloc.c
cfn=(518) free
calls=1 2934 
* 161
cob=(3)
cfi=(112) /build/glibc-Cl5G7W/glibc-2.23/stdio-common/printf.c
cfn=(482) printf
calls=1 28 
* 3317
cob=(3)
cfi=(111) /build/glibc-Cl5G7W/glibc-2.23/string/../sysdeps/x86_64/multiarch/memcpy-avx-unaligned.S
cfn=(470) __memcpy_avx_unaligned
calls=1 41 
* 16
cob=(4)
cfi=(107) /build/glibc-Cl5G7W/glibc-2.23/math/../sysdeps/ieee754/dbl-64/w_exp.c
cfn=(452) exp
calls=1 25 
* 116
cob=(3)
cfi=(106) /build/glibc-Cl5G7W/glibc-2.23/stdlib/rand.c
cfn=(440) rand
calls=1 26 
* 47
cob=(3)
cfi=(92)
cfn=(362) malloc
calls=1 2902 
* 186
cob=(3)
cfi=(104) /build/glibc-Cl5G7W/glibc-2.23/stdlib/random.c
cfn=(422) srand
calls=1 +50 
* 10537
cob=(3)
cfi=(47)
cfn=(416) __time_syscall
calls=1 30 
* 3
cfi=(96) /build/glibc-Cl5G7W/glibc-2.23/elf/dl-open.c
cfn=(378) _dl_find_dso_for_object
calls=1 +23 
* 39
cob=(3)
cfi=(86) /build/glibc-Cl5G7W/glibc-2.23/libio/ioputs.c
cfn=(344) puts
calls=1 33 
* 60703
cob=(3)
cfi=(84) /build/glibc-Cl5G7W/glibc-2.23/gmon/../sysdeps/x86_64/_mcount.S
cfn=(336) mcount
calls=1 32 
* 28

fl=(18) /build/glibc-Cl5G7W/glibc-2.23/string/../sysdeps/x86_64/multiarch/../memcpy.S
fn=(46) memcpy
61 19
+2 19
+2 19
+3 17
+1 17
+2 5
+1 5
+2 5
+1 5
+5 5
+1 5
-1 12
+1 12
+2 4
+1 4
+2 4
+1 8
+5 4
+1 4
-1 13
+1 13
+2 3
+1 3
+2 3
+1 3
+5 3
+1 3
-1 14
+1 14
+2 12
+1 12
+2 12
+1 12
+5 12
+1 12
-1 5
+1 13
+5 8
+1 8
+1 8
+1 8
+2 8
+2 8
+1 8
+2 8
+8 17
+8 8
+6 8
+2 8
+1 8
+3 3
+1 9
+5 3
+1 3
+2 3
+2 3
+1 3
+2 3
-8 14
+1 14
+2 14
+2 14
+1 14
+2 20
+9 3
+1 3
-1 5
+1 5
+3 8
+1 8
+1 8
+5 6
+2 6
+1 6
+1 6
+1 6
+2 6
+1 6
+1 6
+1 6
+2 6
+1 6
+2 6
+22 8
+6 8
+1 8
+2 2

fl=(30) /build/glibc-Cl5G7W/glibc-2.23/elf/dl-tls.c
fn=(164) _dl_allocate_tls_storage
354 3
+2 1
+11 3
cfi=(17) /build/glibc-Cl5G7W/glibc-2.23/elf/dl-minimal.c
cfn=(44) __libc_memalign
calls=1 52 
* 76
* 1
+1 2
+7 2
+4 1
-57 1
+57 296
-58 2
+1 2
cfi=(17)
cfn=(36) calloc
calls=1 103 
* 38
* 1
+1 2
+3 1
+6 2
+64 5

fn=(162) _dl_determine_tlsoffset
138 7
+6 3
+3 2
+36 3
+2 10
+3 1
-1 1
+5 2
-5 3
+3 3
+2 5
+16 3
+2 2
-2 2
+2 2
+10 1
-37 2
+25 1
-25 4
+40 4
+1 1
+51 1
+1 8

fn=(200) _dl_add_to_slotinfo
890 3
+9 1
-9 1
+6 2
+8 5
+41 1
+1 3
+1 4

fn=(230) _dl_allocate_tls_init
450 2
-1 7
+5 1
+6 3
-6 1
+6 1
-4 1
+16 1
-15 3
+20 6
+6 16
+3 1
+1 2
+6 3
+3 1
-2 2
+2 4
+1 1
+3 1
-1 3
+4 2
+1 4
+2 2
+9 6
cfi=(25) /build/glibc-Cl5G7W/glibc-2.23/string/../sysdeps/x86_64/memcpy.S
cfn=(70) mempcpy
calls=1 61 
* 23
* 4
cfi=(26) /build/glibc-Cl5G7W/glibc-2.23/string/../sysdeps/x86_64/multiarch/../memset.S
cfn=(72) memset
calls=1 53 
* 30
* 2
-38 3
+52 2
+2 1
+1 8

fn=(88) _dl_count_modids
115 2
+1 2

fn=(148) _dl_next_tls_modid
49 1
+3 4
+48 1
+4 2

fl=(65) /build/glibc-Cl5G7W/glibc-2.23/elf/dl-init.c
fn=(242) call_init.part.0
28 25
+8 5
+3 5
-3 10
+3 15
+5 28
+5 6
+9 18
cob=(2) ???
cfi=(16) ???
cfn=(278) 0x0000000004c2f428
calls=1 -58 
* 6
cob=(3)
cfi=(67) /build/glibc-Cl5G7W/glibc-2.23/csu/../csu/init-first.c
cfn=(256) _init
calls=1 -6 
* 176
cob=(2)
cfi=(16)
cfn=(244) 0x0000000004a28530
calls=1 -58 
* 6
* 3
+4 6
+6 3
+2 6
-2 6
+3 15
+1 12
cob=(4)
cfi=(60)
cfn=(282) 0x00000000000056d0
calls=1 -72 
* 17
cob=(3)
cfi=(73) /build/glibc-Cl5G7W/glibc-2.23/string/../sysdeps/x86_64/cacheinfo.c
cfn=(268) init_cacheinfo
calls=1 482 
* 1161
cob=(5) /usr/lib/valgrind/vgpreload_core-amd64-linux.so
cfi=(66) ???
cfn=(248) 0x0000000000000650
calls=1 -72 
* 17
* 4
cob=(3)
cfi=(75) /build/glibc-Cl5G7W/glibc-2.23/elf/dl-altinit.c
cfn=(276) dlinit_alt
calls=1 -39 
* 4
* 4
-1 8
+3 30
-29 3
-5 3

fn=(240) _dl_init
80 11
+1 1
+1 1
+3 3
+8 2
+1 2
+25 18
+1 15
-90 26
cfn=(242)
calls=4 -2 
* 1526
* 4
+96 8
-96 2
+58 2
+16 1
cfn=(242)
calls=1 -76 
* 76
* 1

fl=(14) /build/glibc-Cl5G7W/glibc-2.23/string/../sysdeps/x86_64/multiarch/../memcmp.S
fn=(30) bcmp
24 18
+1 18
+1 18
+1 18
+1 18
+1 18
+1 18
+1 18
+3 18
+1 18
+1 6
+1 6
+1 6
+1 6
+1 6
+1 6
+1 6
+2 17
+1 17
+1 5
+1 5
+1 5
+1 5
+1 5
+1 5
+1 5
+2 17
+1 17
+1 6
+1 6
+1 6
+1 6
+1 2
+1 2
+1 2
+2 13
+1 13
+1 7
+1 7
+1 7
+1 7
+5 6
+1 6
+1 6
+1 6
+1 6
+1 6
+1 6
+1 3
+1 3
+1 3
+1 3
+1 3
+7 3
+2 4
+4 11
+1 11
+1 2
+1 2
+1 2
+1 2
+1 2
+1 2
+1 2
+1 2
+1 2
+1 2
+1 2
+4 12
+1 12

fl=(127) /build/glibc-Cl5G7W/glibc-2.23/elf/dl-fini.c
fn=(530) _dl_fini
130 8
+17 1
+3 15
+3 2
cfi=(2) /build/glibc-Cl5G7W/glibc-2.23/elf/rtld.c
cfn=(50) rtld_lock_default_lock_recursive
calls=1 704 
* 2
+2 1
+3 2
+2 6
+8 1
-3 1
+3 8
+7 10
+2 10
+2 5
+1 5
+5 5
-6 5
-6 5
+8 5
-8 11
+14 9
+1 2
+4 1
31 1
+2 1
192 1
33 1
+6 1
-1 1
+2 1
-2 2
+1 8
+1 1
cfi=(26)
cfn=(72)
calls=1 +13 
* 15
* 1
+77 20
+3 24
cfi=(26)
cfn=(72)
calls=3 -67 
* 54
* 8
-76 12
+1 12
+4 16
+6 8
+1 8
+2 30
+1 15
+2 30
+1 21
201 3
cfi=(2)
cfn=(52) rtld_lock_default_unlock_recursive
calls=1 710 
* 2
+5 3
81 4
208 1
+2 3
-2 4
+2 12
+3 10
+3 15
+4 6
+9 3
+3 3
-3 3
+3 6
+2 12
+1 6
cob=(4)
cfi=(60)
cfn=(566) 0x0000000000005690
calls=1 0 
* 78
cob=(5)
cfi=(66)
cfn=(544) 0x0000000000000610
calls=1 0 
* 78
cob=(6) /home/fra/Desktop/high-performance-computing/Assignments/02_Profiling/example1.x
cfi=(76) ???
cfn=(532) 0x0000000000400a00
calls=1 0 
* 12
-1 12
+5 6
+1 9
cob=(2)
cfi=(16)
cfn=(582) 0x0000000004ca0d0c
calls=1 0 
* 3
cob=(2)
cfi=(16)
cfn=(564) 0x0000000004a287b8
calls=1 0 
* 3
cob=(2)
cfi=(16)
cfn=(542) 0x0000000000402184
calls=1 0 
* 3
+6 30
+16 10
-56 13
+11 6
92 18
+21 6
-57 15
268 4
+2 1
-2 2
+6 2
+7 8

fl=(7) /build/glibc-Cl5G7W/glibc-2.23/elf/../elf/dl-sysdep.c
fn=(232) _dl_sysdep_start_cleanup
256 1

fn=(12) _dl_sysdep_start
86 8
+25 1
-1 1
+1 231
+6 1
-3 1
+1 1
-4 1
+3 1
+3 4
+1 2
-1 25
+1 108
-1 106
+62 1
+1 1
-1 1
+1 1
-29 1
+1 2
+11 1
+1 1
-1 1
+1 1
-7 1
+1 1
-1 1
+1 1
-4 1
+1 2
-25 1
+1 2
-4 1
+1 2
-7 1
+1 1
+2 1
+1 1
fi=(9) /build/glibc-Cl5G7W/glibc-2.23/elf/../sysdeps/unix/sysv/linux/dl-sysdep.c
-90 2
cfi=(10) /build/glibc-Cl5G7W/glibc-2.23/elf/../sysdeps/unix/sysv/linux/x86_64/brk.c
cfn=(18) brk
calls=1 -4 
* 11
fi=(5)
223 5
fi=(8) /build/glibc-Cl5G7W/glibc-2.23/elf/../sysdeps/x86/cpu-features.c
61 2
+3 1
-3 1
+3 9
175 3
+1 1
+3 2
+1 1
+2 2
+1 7
+7 3
+4 2
+2 4
+51 2
fe=(7)
-16 1
fi=(8)
+27 1
+1 1
+1 1
fe=(7)
-29 1
+1 1
cfi=(11) /build/glibc-Cl5G7W/glibc-2.23/string/../sysdeps/x86_64/strlen.S
cfn=(22) strlen
calls=1 66 
* 32
* 1
+2 2
cfi=(12) /build/glibc-Cl5G7W/glibc-2.23/elf/../misc/sbrk.c
cfn=(24) sbrk
calls=1 34 
* 17
* 3
+12 3
+3 5
cfi=(2)
cfn=(26) dl_main
calls=1 790 
* 110068
+1 1
+1 8
fi=(8)
-4 2
+1 2
+4 2
-52 2
+1 1
+6 3
+2 1
+3 3
+16 2
+1 1
+2 2
29 2
+4 1
-4 1
+5 1
-1 1
+2 1
-1 1
+1 1
-2 1
+1 1
+1 1
+1 1
-7 2
+3 1
+4 1
+5 1
+32 2
-32 1
+27 1
+5 1
+3 1
+1 8
+57 2
-66 2
+44 2
248 2
+3 2
fe=(7)

fl=(19) /build/glibc-Cl5G7W/glibc-2.23/string/../sysdeps/x86_64/multiarch/../strcmp.S
fn=(54) strcmp
144 351
+1 351
+2 351
+1 351
+21 351
+1 351
+1 267
+1 267
+1 249
+1 249
+1 249
+1 249
+21 249
+1 249
+1 249
+1 249
+1 249
+1 249
+1 249
+5 7
+1 7
+9 7
+1 7
+1 7
+1 7
+1 7
+1 7
+1 7
+1 7
-7 102
+1 102
+1 102
+1 102
+1 102
+1 102
+1 102
+1 102
+1 106
+1 47
+1 47
+1 47
+2 47
+1 47
+1 47
+1 47
+1 47
+1 47
-5 59
+1 59
+1 59
+1 59
+1 59
+1 59
+10 3
+1 3
+1 3
+2 3
+6 3
+1 3
+1 3
+1 3
+1 3
+5 3
+2 1
+1 1
+1 2
+8 1
+1 1
+3 1
+1 1
+1 1
+1 1
+1 1
+1 1
821 2
+1 2
+1 2
+1 2
+1 2
+2 2
+1 2
+1 2
+1 2
+1 2
+1 2
+1 2
946 3
+1 3
+1 3
+1 3
+1 3
+2 3
+1 3
+1 3
+1 3
+1 3
+1 3
+1 3
+1 2
+4 2
+1 2
+1 2
+6 2
+1 2
+1 4
+4 2
+1 2
+3 2
+1 2
+1 2
+3 2
+1 2
+1 2
+6 2
+1 2
+1 2
+1 2
+1 2
+1 2
+72 1
+1 1
+1 1
+1 1
+1 1
+2 1
+1 1
+1 1
+1 1
+1 1
+1 1
+1 1
+1 1
+4 1
+1 1
+1 1
+6 1
+1 1
+1 2
+4 1
+1 1
+3 1
+1 1
+1 1
+3 1
+1 1
+1 1
+6 1
+1 1
+1 1
+1 1
+1 1
+1 1
+72 6
+1 6
+1 6
+1 6
+1 6
+2 6
+1 6
+1 6
+1 6
+1 6
+1 6
+1 6
+1 1
+4 1
+1 1
+1 1
+6 1
+1 1
+1 2
+4 1
+1 1
+3 1
+1 1
+1 1
+3 1
+1 1
+1 1
+6 1
+1 1
+1 1
+1 1
+1 1
+1 1
+72 28
+1 28
+1 28
+1 28
+1 28
+2 28
+1 28
+1 28
+1 28
+1 28
+1 28
+1 28
+1 2
+4 2
+1 2
+1 2
+6 2
+1 2
+1 4
+4 2
+1 2
+3 2
+1 2
+1 2
+3 2
+1 2
+1 2
+6 2
+1 2
+1 2
+1 2
+1 2
+1 2
+72 11
+1 11
+1 11
+1 11
+1 11
+2 11
+1 11
+1 11
+1 11
+1 11
+1 11
+1 11
+1 1
+4 1
+1 1
+1 1
+6 1
+1 1
+1 2
+4 1
+1 1
+3 1
+1 1
+1 1
+3 1
+1 1
+1 1
+6 1
+1 1
+1 1
+1 1
+1 1
+1 1
+72 1
+1 1
+1 1
+1 1
+1 1
+2 1
+1 1
+1 1
+1 1
+1 1
+1 1
+1 1
1696 39
+1 39
+1 39
+1 39
+1 39
+2 39
+1 39
+1 39
+1 39
+1 39
+1 39
+1 39
1821 3
+1 3
+1 3
+1 3
+1 3
+2 3
+1 3
+1 3
+1 3
+1 3
+1 3
+1 3
+1 3
+4 3
+1 3
+1 3
+6 3
+1 3
+1 6
+4 3
+1 3
+3 3
+1 3
+1 3
+3 3
+1 3
+1 3
+6 3
+1 3
+1 3
+1 3
+1 3
+1 3
+72 4
+1 4
+1 4
+1 4
+1 4
+2 4
+1 4
+1 4
+1 4
+1 4
+1 4
+1 4
+1 3
+4 3
+1 3
+1 3
+6 3
+1 3
+1 6
+4 3
+1 3
+3 3
+1 3
+1 3
+3 3
+1 3
+1 3
+6 3
+1 3
+1 3
+1 3
+1 3
+1 3
+72 8
+1 8
+1 8
+1 8
+1 8
+2 8
+1 8
+1 8
+1 8
+1 8
+1 8
+1 8
2200 14
+2 14
+1 14
+1 14
+1 14
-3 95
+1 95
+1 95
+1 95
+1 141
+5 47
+6 47
+1 47
+8 47
+1 47
-16 304
+6 304
+1 304
+8 304
+1 304

fl=(29) /build/glibc-Cl5G7W/glibc-2.23/elf/dl-debug.c
fn=(90) _dl_debug_state
74 2

fn=(86) _dl_debug_initialize
50 10
+5 8
+5 2
-1 1
+1 2
+1 2
-1 1
+4 1
-13 5
+4 10
+4 1
-1 1
-58 5

fl=(34) /build/glibc-Cl5G7W/glibc-2.23/elf/dl-misc.c
fn=(106) _dl_name_match_p
288 520
+1 208
cfi=(19)
cfn=(54)
calls=104 144 
* 3386
* 104
+1 104
-1 104
+3 104
+2 208
+4 104
-4 208
+1 336
cfi=(19)
cfn=(54)
calls=112 144 
* 3846
* 224
-5 8
+11 136
-1 96
+1 384

fn=(144) _dl_sysdep_read_whole_file
45 2
+7 1
-7 3
+7 1
-7 3
+7 1
cfi=(24)
cfn=(110)
calls=1 +32 
* 5
+1 2
+2 5
cfi=(36) /build/glibc-Cl5G7W/glibc-2.23/io/../sysdeps/unix/sysv/linux/wordsize-64/fxstat.c
cfn=(120) _fxstat
calls=1 -21 
* 10
* 2
+2 1
+3 1
-3 1
+3 1
+13 2
cfi=(24)
cfn=(132)
calls=1 +11 
* 5
+3 7
-14 6
cfi=(37) /build/glibc-Cl5G7W/glibc-2.23/misc/../sysdeps/unix/sysv/linux/wordsize-64/mmap.c
cfn=(122) mmap
calls=1 -29 
* 33
* 2

fl=(1) ???
fn=(0) 0x0000000000000c30
0 2
cfi=(2)
cfn=(2) _dl_start
calls=1 353 
0 111434
0 14
cfi=(65)
cfn=(240)
calls=1 80 
0 1699
0 3
cob=(6)
cfi=(76)
cfn=(292) _start
calls=1 0 
0 2485992

fl=(21) /build/glibc-Cl5G7W/glibc-2.23/posix/../sysdeps/unix/syscall-template.S
fn=(62) uname
84 4
+1 1

fl=(9)
fn=(60) _dl_discover_osversion
45 7
+2 3
+85 8
-45 3
cfi=(21)
cfn=(62)
calls=1 -3 
* 5
* 1
+15 1
-15 1
+20 1
-1 1
+3 12
+4 3
-2 6
+2 10
+2 1
+1 2
-3 4
+7 3
-1 3
+4 3
-2 3
+2 10
+5 2

fl=(12)
fn=(24)
34 4
+8 6
+4 2
+16 5

fl=(13) /build/glibc-Cl5G7W/glibc-2.23/elf/dl-environ.c
fn=(28) _dl_next_ld_env_entry
30 3
+3 10
+13 72
-13 216
+2 148
+1 38
+5 2
-3 2
+3 2
+2 2
-12 1
+19 1

fl=(27) /build/glibc-Cl5G7W/glibc-2.23/string/../sysdeps/x86_64/multiarch/../strchr.S
fn=(74) index
24 11
+1 11
+1 11
+1 11
+1 11
+1 11
+1 11
+1 11
+1 11
+1 11
+1 11
+1 11
+1 11
+1 11
+1 11
+1 11
+1 11
+1 8
+4 8
+1 8
+1 8
+1 8
+2 8
+4 3
+1 3
+1 3
+1 3
+1 3
+1 3
+1 3
+1 3
+1 3
+1 3
+1 3
+1 3
+1 3
+1 3
+1 3
+1 3
+1 3
+1 3
+1 3
+1 3
+1 3
+1 3
+1 3
+1 3
+52 3
+4 3
+1 3
+1 3
+1 3
+2 3

fl=(39)
fn=(126)
84 32
+1 8

fn=(236) munmap
84 4
+1 1

fl=(2)
fn=(102) map_doit
496 1
+2 1
-2 1
+3 8
cfi=(22) /build/glibc-Cl5G7W/glibc-2.23/elf/dl-load.c
cfn=(104) _dl_map_object
calls=1 2189 
* 2358
* 1
+2 2

fn=(92) handle_ld_preload
757 7
+1 1
-1 1
-75 1
+86 1
-11 1
-75 6
+80 3
fi=(31) /build/glibc-Cl5G7W/glibc-2.23/elf/../string/bits/string2.h
961 1
+1 145
+1 46
-2 46
+2 46
-2 139
+2 1
-2 3
fe=(2)
766 2
+10 4
108 3
779 2
677 1
+5 5
-10 1
+4 1
+1 1
+1 1
+2 1
+2 1
cfi=(32) /build/glibc-Cl5G7W/glibc-2.23/elf/dl-error.c
cfn=(96) _dl_catch_error
calls=1 163 
* 2434
+1 3
+13 3
+84 1
-18 3
+21 9
-15 4
cfi=(18)
cfn=(46)
calls=1 61 
* 88
* 1
+1 2

fn=(52)
710 12

fn=(26)
790 1
+19 1
-19 7
2390 1
790 3
+19 1
+3 1
-22 1
2385 1
812 1
+4 2
+1 2
+5 2
2383 2
+7 4
-4 1
+4 8
+2 2
cfi=(13)
cfn=(28)
calls=1 30 
* 80
* 4
cfi=(13)
cfn=(28)
calls=2 30 
* 417
* 9
+4 50
+1 19
-1 57
+3 4
+6 14
2553 3
+30 3
832 3
1033 7
cfi=(15) /build/glibc-Cl5G7W/glibc-2.23/elf/dl-object.c
cfn=(32) _dl_new_object
calls=1 61 
* 250
+2 1
-2 1
+2 1
+1 1
+1 1
+5 2
-5 1
+1 2
+4 1
cfi=(15)
cfn=(48) _dl_add_to_namespace_list
calls=1 32 
* 33
+1 3
799 1
1072 1
-3 1
-5 1
+1 1
+2 1
+5 7
+56 5
-55 24
-1 27
+1 47
1175 5
+3 2
+2 2
+2 3
+13 3
+1 6
cfi=(19)
cfn=(54)
calls=1 144 
* 44
* 2
+7 1
+3 1
-5 1
+3 1
+2 1
+1 2
+4 2
+2 2
fi=(3) /build/glibc-Cl5G7W/glibc-2.23/elf/get-dynamic-info.h
30 1
+9 2
+6 1
-2 1
+2 2
+15 1
+5 1
+3 1
+2 1
-3 1
-3 1
-3 14
+10 3
-26 9
+16 20
+10 20
-26 60
+26 1
-26 3
+2 48
+13 16
+2 4
+16 3
+38 3
+5 2
+7 2
+1 3
+16 3
+14 3
+18 2
fe=(2)
1218 2
cfi=(6)
cfn=(10) _dl_setup_hash
calls=1 956 
* 23
+3 2
fi=(20) /build/glibc-Cl5G7W/glibc-2.23/elf/setup-vdso.h
24 2
fe=(2)
1243 1
cfi=(9)
cfn=(60)
calls=1 45 
* 93
* 8
-75 2
+1 2
+1 1
-6 2
+1 1
-88 3
+1 1
+50 2
-1 8
+2 4
+1 1
+3 2
+1 2
-1 2
+1 2
+1 2
+1 6
+1 2
-43 1
-2 2
+27 1
-25 2
+7 1
-10 1
+10 1
-19 3
+1 1
fi=(3)
65 4
+3 4
+2 4
fe=(2)
2480 1
+1 1
-1 2
+1 3
cfi=(14)
cfn=(30)
calls=1 24 
* 31
* 2
-55 4
cfi=(14)
cfn=(30)
calls=1 24 
* 18
* 2
+7 4
cfi=(14)
cfn=(30)
calls=1 24 
* 36
* 2
+2 3
+48 3
1248 2
cfi=(22)
cfn=(64) _dl_init_paths
calls=1 689 
* 1578
+3 3
cfi=(29)
cfn=(86)
calls=1 50 
* 17
+7 1
-7 1
+2 1
+5 1
+3 3
+1 1
+3 1
-3 3
+1 2
+3 1
+5 1
-7 1
+7 1
+1 5
+17 2
+1 2
+5 1
-3 4
+2 2
+1 3
+5 3
+1 5
+2 2
+1 2
+5 2
+5 1
805 1
1314 2
1491 1
cfi=(30)
cfn=(88)
calls=1 115 
* 4
* 1
+8 3
+3 1
+4 3
+5 1
+1 1
cfi=(29)
cfn=(90)
calls=1 74 
* 1
+1 1
+4 3
+15 3
+4 1
-2 1
+2 2
+2 3
+1 1
-1 2
+1 1
cfn=(92)
calls=1 757 
* 3019
* 1
+1 1
+2 6
+10 3
cfi=(24)
cfn=(68)
calls=1 84 
* 9
* 2
+77 1
-96 1
+96 3
+17 3
+1 1
-1 1
+1 2
-1 1
+1 5
cfi=(41) /build/glibc-Cl5G7W/glibc-2.23/elf/dl-deps.c
cfn=(134) _dl_map_object_deps
calls=1 161 
* 13435
+1 1
+2 2
+3 1
-3 3
+3 1
-3 1
+3 3
+1 4
-1 2
+1 16
-1 8
+4 3
+1 3
+1 1
+2 2
+1 6
-1 6
+1 8
-1 6
-3 1
+16 1
+1 2
-1 1
+1 1
+2 1
+2 3
+2 1
-4 1
+5 1
-1 2
+14 2
+1 2
+1 3
+11 1
+2 1
-2 1
+2 2
-1 1
+1 1
-2 3
+2 1
cfi=(32)
cfn=(150) _dl_receive_error
calls=1 205 
* 5779
+10 1
+1 1
-1 1
+1 1
+1 1
cfn=(160) init_tls
calls=1 589 
* 676
* 1
+2 2
719 1
+2 3
fi=(131) /build/glibc-Cl5G7W/glibc-2.23/elf/../sysdeps/unix/sysv/linux/dl-osinfo.h
77 1
fe=(2)
730 1
+7 1
-5 1
1729 3
1959 3
2129 4
+2 1
+5 3
cfi=(30)
cfn=(230)
calls=1 450 
* 147
+3 2
+9 3
+2 2
+15 1
+2 1
-2 2
+3 1
-3 1
+3 1
-3 1
+3 3
cfi=(45)
cfn=(166)
calls=1 149 
* 4284
+1 1
+2 6
+8 1
cfi=(7)
cfn=(232)
calls=1 256 
* 1
+4 3
+20 3
cfi=(29)
cfn=(86)
calls=1 50 
* 8
+1 1
-1 1
+2 1
cfi=(29)
cfn=(90)
calls=1 74 
* 1
+1 1
+4 1
cfi=(43) /build/glibc-Cl5G7W/glibc-2.23/elf/dl-cache.c
cfn=(234) _dl_unload_cache
calls=1 322 
* 15
+5 8
2080 3
+7 1
+2 3
+19 1
-19 4
+2 1
+2 15
+5 10
+2 10
+6 5
+2 10
+1 32
cfi=(45)
cfn=(166)
calls=4 149 
* 78850
+4 17
-22 12
+25 1
+2 5
+6 1
-6 1
+6 1
-10 2
cfi=(30)
cfn=(200)
calls=1 890 
* 20
* 1
-12 1
+1 1
-3 2
-85 1
+11 1
-7 1
-4 1
+4 3
+4 2
+3 1
1672 2
-39 5
+1 1
-1 3
+4 3
+1 1
+1 2
+1 2
1237 3

fn=(50)
704 12

fn=(160)
589 1
+6 1
-6 1
+2 2
+4 1
+10 4
cfi=(17)
cfn=(36)
calls=1 103 
* 89
* 1
+11 1
-5 1
-7 1
+6 1
+2 1
-1 1
+5 1
+2 1
-1 1
+1 12
+2 10
+4 1
+2 1
-2 2
-5 10
+9 3
+3 1
cfi=(30)
cfn=(162)
calls=1 138 
* 71
+7 1
cfi=(30)
cfn=(164)
calls=1 354 
* 439
+1 1
-1 1
+1 1
+6 1
+3 1
-3 1
+3 6
+3 1
+2 1
+1 2

fn=(2)
353 9
+18 4
fi=(5)
59 1
fe=(2)
371 1
fi=(3)
45 1
fi=(5)
+14 2
fe=(2)
397 1
fi=(3)
45 1
fe=(2)
394 1
fi=(3)
45 1
+25 2
-3 1
-7 1
+5 1
+3 1
+2 1
-3 1
-3 1
-3 2
-13 26
+23 13
-26 39
+26 1
-26 3
+2 36
+13 20
+1 16
+10 4
-26 12
+33 2
+20 4
+1 4
+1 4
+1 4
+2 4
+5 4
+1 4
+1 4
+6 3
+5 2
+7 3
+1 3
+8 3
+2 3
+3 2
+1 2
fe=(2)
408 2
302 1
415 1
302 1
cfi=(6)
cfn=(10)
calls=1 956 
* 23
+1 2
+1 2
+1 2
+1 2
+8 1
+9 1
-9 3
+9 1
-6 1
-3 1
+9 1
cfi=(7)
cfn=(12)
calls=1 86 
* 110786
* 1
+9 1
+3 4
+4 1
-4 1
+4 1
440 9
fi=(3)
62 4
+3 4
fe=(2)
413 26
fi=(4)
84 1
+27 1
-28 1
+28 2
+1 2
fi=(5)
517 2
fi=(4)
112 18
fi=(5)
517 18
+1 20
fi=(4)
111 20
fi=(5)
518 10
fi=(4)
111 10
+5 2
+8 1
fi=(5)
312 1
fi=(4)
124 2
+12 1
+1 3
fi=(5)
266 1
fi=(4)
137 1
fi=(5)
294 1
fi=(4)
137 2
fi=(5)
294 1
fi=(4)
136 5
+1 15
fi=(5)
266 5
fi=(4)
137 5
fi=(5)
294 5
fi=(4)
137 10
fi=(5)
294 5
+9 12
+3 6
-3 12
+3 18
+6 36
fi=(3)
68 4
+2 3
fi=(5)
425 12
fi=(4)
124 19
fe=(2)

fn=(152) version_check_doit
529 2
+2 4
cfi=(44) /build/glibc-Cl5G7W/glibc-2.23/elf/dl-version.c
cfn=(154) _dl_check_all_versions
calls=1 380 
* 5739
* 2
+4 2

fn=(98) _dl_initial_error_catch_tsd
664 14

fl=(78)
fn=(302)
66 24
+5 24
-5 12
+3 24
+3 12
-1 24
-3 12
+5 72
+1 12
-1 12
+1 24
+5 24
+4 24
+4 36
+4 12
+1 60
+2 48
+7 24
-1 12
+1 12
+10 108
cfi=(6)
cfn=(172)
calls=12 806 
* 10485
* 12
+4 60
+10 72
+16 12
-8 12
+8 36
+4 36
fi=(5)
+90 12
fe=(78)
-86 36
fi=(103) /build/glibc-Cl5G7W/glibc-2.23/elf/../sysdeps/x86_64/dl-irel.h
32 2
cob=(3)
cfi=(110) /build/glibc-Cl5G7W/glibc-2.23/string/../sysdeps/x86_64/multiarch/memcpy.S
cfn=(468) memcpy@@GLIBC_2.14
calls=1 * 
* 7
cob=(3)
cfi=(47)
cfn=(180)
calls=1 +6 
* 66
* 2
fe=(78)

fl=(37)
fn=(122)
33 11
-1 110
+1 27
+1 110
+2 77
-3 26

fl=(33) /build/glibc-Cl5G7W/glibc-2.23/setjmp/../sysdeps/x86_64/setjmp.S
fn=(100) __sigsetjmp
26 6
+9 6
+1 12
+1 6
+4 6
+1 6
+1 6
+1 6
+1 6
+2 12
+2 6
+1 6
+1 6
+2 12
+2 6
+4 6
+1 6

fl=(25)
fn=(70)
61 21
+4 21
+3 19
+1 19
+2 8
+1 8
+2 8
+1 8
+5 8
+1 8
-1 11
+1 11
+2 12
+1 12
+2 12
+1 12
+5 12
+1 12
-1 7
+1 7
+2 6
+1 6
+2 6
+1 6
+5 6
+1 6
-1 13
+1 13
+2 9
+1 9
+2 9
+1 18
+5 9
+1 9
-1 10
+1 12
+5 2
+1 2
+1 2
+1 2
+2 2
+2 2
+1 2
+2 2
+6 19
+4 19
+12 3
+2 3
+1 3
+26 3
+1 3
+3 3
+1 3
+1 3
+5 3
+2 3
+1 3
+1 3
+1 3
+2 3
+1 3
+1 3
+1 3
+2 3
+1 3
+2 3
+22 3
+2 3
+2 2
+7 2

fl=(10)
fn=(18)
31 7
+8 1
-6 2
+7 1

fl=(96)
fn=(378)
182 5
+1 4
+1 16
+1 2
+3 2
+4 1
-9 9

fl=(28) /build/glibc-Cl5G7W/glibc-2.23/string/strdup.c
fn=(80) strdup
40 16
+1 4
cfi=(11)
cfn=(22)
calls=4 +25 
* 118
* 4
+1 8
cfi=(17)
cfn=(40) malloc
calls=4 +52 
* 116
* 4
+2 8
+4 4
-1 8
+1 8
-1 8
cfi=(18)
cfn=(46)
calls=4 +14 
* 134

fl=(26)
fn=(72)
53 16
+1 16
+1 16
+1 16
+1 16
+2 16
+1 16
+1 14
+1 14
+15 2
+1 2
+1 2
+1 2
+1 2
+1 2
+1 2
+1 2
+1 2
+1 2
+1 2
+1 2
+1 2
+1 4
+3 2
+1 2
+1 2
+1 2
+1 2
+1 2
+1 2
-6 34
+1 34
+1 34
+1 34
+1 34
+1 34
+1 34
+1 2
+3 14
+1 14
+1 14
+1 6
+1 6
+1 2
+1 2
+3 2
+1 2
+1 2
+1 2
+2 4
+1 4
+1 4
+2 8
+1 8
+1 8

fl=(42) /build/glibc-Cl5G7W/glibc-2.23/io/../sysdeps/unix/sysv/linux/wordsize-64/xstat.c
fn=(140) _xstat
34 4
-1 4
+1 4
+1 24
+4 1
-4 12

fl=(44)
fn=(158) match_symbol
76 110
+9 10
-8 10
-1 20
+1 10
+8 10
+6 30
+15 10
+1 20
+2 10
+5 20
+14 162
+12 213
+4 71
-30 142
+19 50
cfi=(19)
cfn=(54)
calls=10 +11 
* 328
* 20
+35 80

fn=(156) _dl_check_map_versions
189 15
-15 45
+17 5
+3 15
-3 5
+2 5
+1 5
+2 5
-3 5
+3 5
+3 6
+4 3
-4 3
+4 12
+17 3
56 6
220 3
56 15
220 2
56 4
220 2
56 10
+1 16
-1 32
+2 63
cfi=(34)
cfn=(106)
calls=21 288 
* 2152
* 47
228 15
+5 40
+19 5
-15 155
cfn=(158)
calls=5 76 
* 711
* 20
cfn=(158)
calls=5 76 
* 615
* 10
+7 60
+3 30
+9 30
+5 6
+1 2
+8 6
+3 12
+10 33
-7 132
+3 99
-3 12
+3 9
+8 12
+87 8
-81 16
cfi=(17)
cfn=(36)
calls=4 103 
* 152
* 4
+1 4
-2 4
+2 4
+11 4
+2 4
-5 4
+3 4
+2 4
-2 4
+2 4
+3 12
+4 15
+18 5
-15 15
+2 15
-2 15
+2 15
+2 10
+1 10
-1 20
+1 10
-1 10
+1 10
+1 10
-2 10
+2 20
+1 30
+3 30
+8 15
+5 2
+1 2
+4 12
+3 12
+20 33
-14 72
-2 33
+7 66
+1 33
-1 99
+1 33
-1 33
+1 33
+1 33
+3 108
+10 36
183 2
-8 2
+95 4
-80 2

fn=(154)
380 5
+4 7
+2 35
cfn=(156)
calls=5 189 
* 5650
-2 5
+2 15
-1 5
-1 10
+5 7

fl=(23) /build/glibc-Cl5G7W/glibc-2.23/elf/dl-hwcaps.c
fn=(66) _dl_important_hwcaps
39 6
+3 1
-3 2
+3 1
-1 1
+1 1
+9 1
-12 4
+12 2
+10 4
162 2
-47 3
cfi=(24)
cfn=(68)
calls=1 -31 
* 9
* 2
+55 3
+2 2
+1 5
+4 2
+4 1
-4 1
+1 1
+3 1
+3 1
+1 1
-1 1
+4 3
+1 1
-1 9
+1 1
+18 10
+1 2
-1 1
+1 3
cfi=(17)
cfn=(40)
calls=1 94 
* 29
* 1
+1 1
-1 1
+1 5
+29 1
+3 1
-3 2
+3 1
+23 7
+6 2
-1 2
+1 6
-1 8
+5 6
+3 1
-3 1
+3 1
-3 3
+3 1
-3 1
+3 5
+1 12
+1 4
-1 4
+1 8
-2 4
+1 8
-1 14
+4 4
+4 1
-1 1
+2 1
-2 1
+1 1
+1 1
-2 1
+2 10
+13 2
+1 1
-1 1
+3 2
-3 2
+1 1
-1 1
+3 2
+3 4
+3 1
-1 1
+1 9
113 1
+17 1
+1 1
-1 9
243 6
cfi=(25)
cfn=(70)
calls=1 61 
* 22
* 4
cfi=(25)
cfn=(70)
calls=1 61 
* 18
+1 4
cfi=(25)
cfn=(70)
calls=1 61 
* 22
* 4
cfi=(25)
cfn=(70)
calls=1 61 
* 18
* 12

fl=(32)
fn=(96)
163 12
+15 6
-3 12
+1 12
-13 12
+14 12
+1 6
+2 6
cfi=(2)
cfn=(98)
calls=6 664 
* 12
+2 6
-1 6
+4 6
-3 12
+3 6
-4 6
+4 6
cfi=(33)
cfn=(100)
calls=6 26 
* 120
* 18
+2 18
cfi=(41)
cfn=(136) openaux
calls=5 60 
* 10992
cfi=(2)
cfn=(102)
calls=1 496 
* 2372
+1 12
+2 6
+1 6
-3 6
+1 12
+1 6
+9 6
-8 6
+8 18

fn=(150)
205 10
+1 1
cfi=(2)
cfn=(98)
calls=1 664 
* 2
+5 1
-1 1
-4 1
+9 1
+2 1
-3 1
+3 1
cfi=(2)
cfn=(152)
calls=1 529 
* 5749
+2 1
+1 1
+1 8

fl=(11)
fn=(22)
66 18
+1 18
+1 18
+1 18
+1 18
+1 18
+1 18
+2 18
+2 18
+30 17
+1 17
+1 17
+1 17
+1 17
+1 8
+1 8
+4 9
+1 9
+1 9
+1 9
+1 9
+1 9
+1 9
+1 9
+1 9
+1 9
+1 9
+1 9
+5 72
+4 1
+1 14
+1 8

fl=(22)
fn=(76) fillin_rpath
444 7
+2 1
-2 9
+4 3
cfi=(17)
cfn=(78) strsep
calls=1 -94 
* 238
* 3
cfi=(17)
cfn=(78)
calls=1 -94 
* 6
* 6
+7 2
+35 15
+1 8
+55 2
+2 2
cob=(2)
cfi=(16)
cfn=(82) 0x0000000004000ab0
calls=1 0 
* 7
* 1
-39 2
+4 2
-1 4
cfi=(17)
cfn=(40)
calls=1 94 
* 29
* 1
+3 1
-3 1
+3 2
+5 1
+1 2
-2 1
+2 1
cfi=(25)
cfn=(70)
calls=1 61 
* 31
+3 1
-3 1
+1 1
+2 1
+6 2
+1 1
-1 2
+1 13
+1 11
-1 2
+3 2
+1 3
+7 1
+1 1
-1 2
383 3
cfi=(27)
cfn=(74)
calls=1 24 
* 23
* 2
+4 2
cfi=(28)
cfn=(80)
calls=1 40 
* 94
* 1
+74 2
+5 2
cfi=(11)
cfn=(22)
calls=1 66 
* 16
+1 2
+7 6
+9 1
-4 3
+4 2
+26 2
+43 1
+3 9
-15 2
-9 2
-57 2

fn=(64)
689 1
+13 2
-13 8
+13 3
cfi=(23)
cfn=(66)
calls=1 39 
* 398
+5 1
-5 1
+5 1
cfi=(17)
cfn=(40)
calls=1 94 
* 29
* 1
+1 1
-2 1
+2 2
+8 1
-1 1
+1 3
-1 3
+4 4
cfi=(17)
cfn=(40)
calls=1 94 
* 29
* 1
+2 1
-2 1
+2 1
+17 2
+9 2
-19 1
+11 1
-1 1
+3 1
+1 1
-15 2
+23 1
-9 1
+9 5
-3 17
cfi=(26)
cfn=(72)
calls=4 53 
* 60
+3 27
-14 3
+2 3
+1 3
+2 6
-3 3
+4 9
+4 3
-3 3
+3 3
+1 3
-4 9
+4 3
+14 1
-11 1
+6 1
+1 1
+5 1
-12 1
+12 1
+2 4
+2 3
+38 5
+6 3
cfi=(27)
cfn=(74)
calls=1 24 
* 23
* 2
+2 3
cfi=(11)
cfn=(22)
calls=1 66 
* 16
* 8
cfi=(18)
cfn=(46)
calls=1 61 
* 31
* 1
+17 133
+5 1
cfi=(17)
cfn=(40)
calls=1 94 
* 29
* 1
+1 1
-2 1
+2 1
+6 9
cfn=(76)
calls=1 444 
* 609
+4 5
+6 1
+4 8
-70 1
-2 1
+2 2
+14 2

fn=(114) _dl_map_object_from_fd
893 33
+10 3
-10 3
+10 3
-10 9
+10 3
cfi=(29)
cfn=(86)
calls=3 50 
* 24
fi=(35) /build/glibc-Cl5G7W/glibc-2.23/elf/../sysdeps/posix/dl-fileid.h
37 9
fe=(22)
903 3
fi=(35)
37 3
cfi=(36)
cfn=(120)
calls=3 -3 
* 30
* 6
+4 3
fe=(22)
919 3
fi=(35)
40 3
+1 3
fe=(22)
919 48
+1 18
fi=(35)
49 24
fe=(22)
1465 24
937 6
+24 6
+10 6
+22 12
+32 6
904 3
1028 21
cfi=(15)
cfn=(32)
calls=3 61 
* 1227
+1 3
-1 3
+1 3
+11 6
+1 3
-1 3
+2 3
-1 3
+4 3
-1 6
-2 3
+2 6
+1 9
+1 3
+19 3
-2 3
+10 3
-8 18
+8 3
-8 9
+8 3
+87 3
+8 3
-8 12
+8 3
-8 9
-86 45
-1 192
+1 135
+6 6
+1 9
+1 3
+9 30
+5 48
+9 18
-1 18
+1 6
+1 12
+2 6
-2 6
+1 6
-1 6
+3 6
+4 6
-7 6
+2 6
+1 6
+4 6
+1 18
+4 9
-14 3
+14 18
+11 3
-11 9
-14 3
+14 18
+11 3
-44 2
+1 1
+46 3
+4 1
+1 1
+1 1
-1 2
+1 1
+3 3
+1 1
+3 1
-3 1
+7 4
+6 1
cfi=(30)
cfn=(148)
calls=1 49 
* 8
* 2
+1 1
+59 6
+1 9
+1 3
-6 6
+1 3
+8 9
1041 3
1229 3
1041 3
1229 3
+10 9
fi=(38) /build/glibc-Cl5G7W/glibc-2.23/elf/./dl-map-segments.h
56 6
fe=(22)
1239 9
fi=(38)
56 3
fe=(22)
1239 3
fi=(38)
56 3
fe=(22)
1239 6
fi=(38)
56 18
cfi=(37)
cfn=(122)
calls=3 -23 
* 105
+4 3
-4 3
+4 6
+3 6
+1 3
+2 3
-2 3
-1 3
+3 3
+10 6
fi=(40) /build/glibc-Cl5G7W/glibc-2.23/elf/./dl-load.h
+14 12
+1 9
+2 12
fi=(38)
+7 24
+6 3
+2 3
-2 3
+1 3
+2 3
-1 3
+1 3
-1 9
+8 6
+17 6
+12 6
-59 30
+2 6
+2 3
-2 6
+2 30
cfi=(37)
cfn=(122)
calls=3 -57 
* 93
* 9
fe=(22)
1251 12
+9 6
fi=(3)
39 3
fe=(22)
1260 3
fi=(3)
39 3
+6 3
-2 3
+2 6
+15 3
+5 3
+3 3
-1 3
-3 3
-3 62
+10 14
-26 42
+16 57
+10 57
-26 171
+26 3
-26 9
+2 148
+13 68
+2 12
+3 12
+13 6
+20 11
+1 12
+1 12
+1 12
+2 12
+5 12
+1 11
+1 12
+6 9
+5 6
+7 6
+1 9
+16 9
+5 2
+2 2
-2 2
+2 2
+2 4
+2 4
+3 9
+10 1
-8 4
+8 1
+5 2
+3 6
fe=(22)
1267 6
+15 9
+19 6
+2 15
+54 9
+1 2
+3 2
cfi=(24)
cfn=(132)
calls=1 84 
* 5
* 4
cfi=(24)
cfn=(132)
calls=2 84 
* 10
* 6
+9 6
+2 9
+2 3
-2 3
+2 3
+16 6
cfi=(6)
cfn=(10)
calls=3 956 
* 69
+4 6
+1 6
+17 6
+9 3
-5 9
+5 3
+10 6
+10 9
cfi=(15)
cfn=(48)
calls=3 32 
* 129
+4 12
fi=(3)
68 12
+2 15
fe=(22)
1413 2
fi=(38)
119 6
+8 24
cfi=(26)
cfn=(72)
calls=3 -74 
* 298
* 12
-54 12
-1 18
cfi=(39)
cfn=(126)
calls=3 +12 
* 15
* 3
fi=(40)
+22 10
+1 22
+3 8
fi=(38)
+39 9
cfi=(37)
cfn=(122)
calls=1 33 
* 31
+3 3
fe=(22)
1255 4

fn=(104)
2189 42
+8 6
-8 12
+8 6
+1 24
+3 93
+5 126
+2 54
cfi=(34)
cfn=(106)
calls=18 288 
* 2209
* 36
+4 30
+1 45
+3 6
+2 24
cfi=(19)
cfn=(54)
calls=6 144 
* 164
* 12
2500 48
2235 15
+9 3
-53 3
+53 6
+36 6
-2 3
+2 3
cfi=(27)
cfn=(74)
calls=3 24 
* 69
* 6
2431 2
383 3
cfi=(27)
cfn=(74)
calls=1 24 
* 47
* 2
+4 2
cfi=(28)
cfn=(80)
calls=1 40 
* 128
2432 1
-3 1
+3 2
+4 9
cfn=(108) open_verify.constprop.7
calls=1 1717 
* 299
+3 1
-3 1
+3 3
+12 3
+46 1
+1 3
-1 1
+1 9
cfn=(114)
calls=1 893 
* 1444
-1 2
+1 6
-1 2
+1 18
cfn=(114)
calls=2 893 
* 3211
* 12
2284 4
cfi=(11)
cfn=(22)
calls=2 66 
* 32
* 2
+2 2
-2 2
+2 2
+7 8
+35 4
+1 28
cfn=(138) open_path
calls=2 2040 
* 1025
+6 4
-6 2
+6 6
666 2
2336 2
666 4
2423 4
+28 6
+2 8
2297 2
+5 2
-5 2
+5 2
+3 4
-3 2
+3 14
-3 6
666 2
2303 2
666 4
2358 2
-14 2
+14 2
+2 6
+4 4
cfi=(43)
cfn=(142) _dl_load_cache_lookup
calls=2 185 
* 2996
+2 2
-2 2
+2 2
+4 4
+8 6
+23 20
cfn=(108)
calls=2 1717 
* 720
+4 2
-4 2
+4 6
+1 4
-89 6
+1 16
666 2
2319 2
666 4

fn=(108)
1717 88
+39 8
-39 24
+39 30
+31 32
cfi=(24)
cfn=(110)
calls=8 84 
* 60
+2 8
-2 8
+2 11
+10 3
+1 6
+5 24
cfi=(24)
cfn=(112)
calls=3 84 
* 15
+2 6
+2 3
+2 3
-2 6
+2 3
+6 6
+16 12
cfi=(14)
cfn=(30)
calls=3 24 
* 90
* 27
cfi=(14)
cfn=(30)
calls=3 24 
* 108
* 6
+74 6
+5 6
+2 12
+6 6
+11 6
+6 3
+1 3
-1 12
+1 3
-1 3
+1 6
+1 9
+20 135
+2 49
+4 12
+1 9
+12 21
+4 9
+5 2
+1 2
-13 8
cfi=(14)
cfn=(30)
calls=2 24 
* 50
* 12
cfi=(14)
cfn=(30)
calls=3 24 
* 90
* 10
+16 4
+3 14
+3 6
+1 10
-39 3
+67 29
-23 5
+23 35
1826 2
+7 8
cfi=(14)
cfn=(30)
calls=2 24 
* 48
* 4

fn=(138)
2040 16
+1 2
+6 2
-6 2
+6 2
+5 18
+52 2
-59 2
-1 2
+60 2
-52 16
+74 8
-62 2
-9 2
+9 2
+7 8
cfi=(25)
cfn=(70)
calls=2 61 
* 62
+1 2
-1 2
+1 10
+20 8
-20 31
+3 16
+5 10
-1 5
+1 10
-1 15
cfi=(25)
cfn=(70)
calls=5 61 
* 99
* 20
cfi=(25)
cfn=(70)
calls=5 61 
* 115
-1 5
+7 5
-7 5
+7 5
+3 45
cfn=(108)
calls=5 1717 
* 220
* 5
+2 25
+26 4
+2 2
+39 14
+7 2
-2 2
+2 6
+3 6
+14 2
-27 2
+27 14
-84 8
+1 36
+6 4
+2 4
-2 4
+2 8
-2 4
+2 4
cfi=(42)
cfn=(140)
calls=4 34 
* 49
* 8
+1 1
+2 1
-2 1
+2 7
+7 3
-7 3
+7 9
-30 3
+23 6

fl=(36)
fn=(120)
34 4
-1 4
+1 4
+1 24
+4 4

fl=(43)
fn=(142)
185 18
+8 4
+3 6
+45 4
+6 4
+9 2
+6 4
-6 8
+6 2
cfi=(24)
cfn=(68)
calls=2 84 
* 18
+19 2
-19 2
+19 288
cfn=(146) _dl_cache_libcmp
calls=18 138 
* 1270
* 84
-15 8
+15 28
cfn=(146)
calls=2 138 
* 142
* 14
-82 4
cfi=(34)
cfn=(144)
calls=1 45 
* 94
+8 1
-8 1
+8 4
+1 4
cfi=(14)
cfn=(30)
calls=1 24 
* 38
* 2
+7 1
-3 1
+3 3
+3 1
+1 2
-1 1
+1 1
+1 4
cfi=(14)
cfn=(30)
calls=1 24 
* 32
* 2
+61 34
cfn=(146)
calls=2 138 
* 288
* 50
+16 4
+4 4
+8 6
cfi=(11)
cfn=(22)
calls=2 66 
* 68
* 4
+1 2
-1 8
+1 4
cfi=(18)
cfn=(46)
calls=2 61 
* 164
+1 4
cfi=(28)
cfn=(80)
calls=2 40 
* 218
+1 16
-31 18

fn=(146)
138 66
+1 52
+2 230
+2 115
-2 115
+2 8
+6 4
+2 4
-1 4
-1 4
+1 4
+1 16
+2 20
+2 8
+6 222
+2 408
+4 93
+1 93
-29 186
+32 12
-7 36

fn=(234)
322 4
-1 1
+3 2
cfi=(39)
cfn=(236)
calls=1 84 
* 5
+1 1
+2 2

fl=(6)
fn=(10)
956 15
+4 5
+4 10
+2 5
-1 5
+3 15
+1 5
+1 5
+3 5
-3 5
+7 5
-4 5
-1 5
+3 5
+2 5
-7 5
+7 5
+1 5

fn=(174) do_lookup_x
355 721
+1 103
-1 515
+48 103
-30 103
-11 103
+41 103
+7 206
-7 206
-30 412
+37 412
-44 206
+3 206
-3 644
+3 644
+4 850
+4 850
+4 850
+6 1275
+8 425
-4 425
+1 425
+3 850
+1 1275
+3 425
+1 850
+2 850
+8 425
-8 425
+8 4250
-99 332
553 2338
+1 130
cfi=(34)
cfn=(106)
calls=65 288 
* 5719
* 195
+3 996
+3 10
+1 824
-92 186
+50 680
+4 48
+12 186
+1 93
+1 186
413 600
+2 200
+2 1274
+13 282
-10 935
+2 186
+1 465
-1 93
+1 651
-1 93
+1 279
cfn=(176) check_match
calls=93 92 
* 8405
+4 279
+34 10
+94 35
439 837

fn=(176)
92 744
+3 651
+12 558
+3 476
cfi=(19)
cfn=(54)
calls=26 +34 
* 1047
* 52
+5 93
-1 93
+1 93
+2 184
+19 184
+1 736
+46 93
-7 93
+7 465
-18 2
+2 1
+1 4
-1 5
-29 276
cfi=(19)
cfn=(54)
calls=92 +6 
* 2279
* 276

fn=(172)
806 1133
568 103
806 412
568 515
+1 103
-1 103
+1 309
-1 309
+1 1253
-1 1253
+1 3759
-1 3965
808 103
+4 103
+4 103
-8 103
+1 206
+7 287
+7 103
-2 103
+2 103
-2 103
+6 103
-7 103
+7 206
-7 618
+15 10
-8 50
+2 1442
cfn=(174)
calls=103 355 
* 45684
+3 309
+26 206
+22 93
+1 651
+31 93
+9 465
+14 279
+3 372
+5 93
+2 824
-85 70
+16 10
+1 20
+59 2

fl=(15)
fn=(32)
61 56
+1 4
cfi=(11)
cfn=(22)
calls=4 +4 
* 82
+6 4
-6 8
+6 8
+7 16
cfi=(17)
cfn=(36)
calls=4 +28 
* 209
* 4
+3 4
-3 4
+3 4
+4 4
+5 8
-6 4
+6 4
-5 4
+3 8
+2 4
cfi=(18)
cfn=(46)
calls=4 -26 
* 111
+10 4
-10 4
+10 4
-8 4
+9 8
-1 12
+1 12
+3 4
-4 4
+1 4
+3 4
+9 4
-7 4
+4 4
+3 10
+2 2
-2 2
+2 30
-2 30
+12 4
+6 4
-5 4
-1 4
+6 20
+2 3
+3 3
-3 3
+3 3
-3 6
+7 9
+4 6
+2 5
+6 1
+6 1
-3 2
+3 5
-3 6
+3 6
+2 9
cfi=(11)
cfn=(22)
calls=3 -91 
* 102
+4 3
-4 12
+4 9
+64 6
+4 32
68 40
+34 11
+39 12
+70 9
cfi=(25)
cfn=(70)
calls=3 61 
* 97
* 53
+6 50
-1 50
+1 53
-1 3
+1 9
+5 6
-89 2
+32 6
cfi=(17)
cfn=(40)
calls=3 -71 
* 87
* 3
+1 3
-1 3
+1 9
+2 1
-35 2

fn=(48)
32 20
+2 8
cfi=(2)
cfn=(50)
calls=4 704 
* 8
+2 4
-2 4
+2 27
+3 27
+2 3
+2 3
+4 3
+4 3
-4 6
+1 3
+4 6
-4 3
+1 3
+3 3
-3 3
+2 3
cfi=(2)
cfn=(52)
calls=3 710 
* 6
-4 1
+4 1
-4 2
+1 1
+4 2
-4 1
+1 1
+3 1
-3 1
+2 1
cfi=(2)
cfn=(52)
calls=1 710 
* 2
-5 2

fl=(41)
fn=(134)
161 1
-1 1
+1 1
-1 4
+1 1
-1 2
+1 1
-1 2
+1 1
-1 2
+1 3
-15 1
+15 1
-17 1
+1 1
+1 1
+6 4
+26 1
-26 1
+26 7
-34 1
+2 1
+33 2
-33 1
-2 1
+2 2
-2 1
+1 1
+1 1
+6 3
+26 1
-26 1
+26 5
+4 1
+21 1
+1 1
-22 2
+19 1
-12 1
+15 1
-16 2
+13 1
317 9
217 1
-4 1
-4 1
+8 5
-4 4
-4 4
+8 4
+12 10
+2 3
+11 3
-5 3
-6 6
+5 3
+2 6
+1 6
+3 21
+50 15
+1 9
-51 312
+1 156
+6 25
cfi=(27)
cfn=(74)
calls=5 24 
* 163
* 10
+5 25
-3 5
+3 5
cfi=(32)
cfn=(96)
calls=5 -91 
* 11302
+2 15
+15 5
+2 10
+5 3
+6 3
+2 3
-8 6
+3 3
+1 3
+1 3
+1 3
+4 18
+7 219
459 15
+2 9
+2 9
cfi=(17)
cfn=(40)
calls=3 94 
* 87
* 3
+2 3
-2 3
+2 3
+4 12
-1 3
+1 3
cfi=(18)
cfn=(46)
calls=3 61 
* 68
+1 15
cfi=(18)
cfn=(46)
calls=3 61 
* 68
+4 3
-1 3
+5 28
+7 6
+1 1
+3 5
+10 4
cfi=(17)
cfn=(40)
calls=1 94 
* 29
* 1
+3 1
-3 1
+3 1
+5 6
+1 1
-1 3
+1 2
+8 2
+4 3
-4 1
-6 3
-2 4
+8 8
+4 12
-4 4
-6 12
+13 3
+51 3
+2 3
+42 1
-4 1
+5 2
-1 4
+1 2
cfi=(26)
cfn=(72)
calls=1 53 
* 15
* 1
-2 9
+7 1
-1 1
+1 1
-1 2
+7 1
-7 1
+7 2
-13 3
+7 3
-1 3
+1 3
-1 6
+7 3
-7 3
+7 9
+2 12
+1 6
-1 12
+1 9
+2 30
+1 21
+28 27
cfi=(26)
cfn=(72)
calls=3 53 
* 54
* 15
-6 6
-28 12
+31 14
-6 2
+16 2
+2 1
+1 1
-1 1
+2 3
+7 3
+3 3
+3 8
481 12
-1 5
+1 11
202 2
+27 8
-19 4
+8 32
+2 3
+2 12
+2 30
338 8
611 8
cfi=(18)
cfn=(46)
calls=1 61 
* 42
+2 1
-38 1
+38 1
209 2

fn=(136)
60 10
+7 5
-4 55
cfi=(22)
cfn=(104)
calls=5 2189 
* 10907
* 5
+5 10

fl=(17)
fn=(36)
103 10
+8 30
-4 10
+4 20
+3 10
cfn=(40)
calls=10 -20 
* 398
* 10

fn=(84) free
120 1
+2 3
+7 2

fn=(78)
354 4
+2 2
+1 4
+4 33
+7 84
-2 56
+13 1
+4 2
-7 14
-15 44

fn=(40)
94 26
+1 52
cfn=(44)
calls=26 -43 
* 758
* 26

fn=(44)
52 81
+1 107
+11 78
+3 26
-3 26
+3 52
-3 3
+3 1
-3 1
+3 98
+4 12
+1 6
+6 24
cfi=(37)
cfn=(122)
calls=3 -45 
* 99
+2 15
+4 9
+3 3
+1 3
+2 15
-3 24
+1 24
+2 120
-31 2
-1 5

ob=(3)
fl=(100) /build/glibc-Cl5G7W/glibc-2.23/io/../sysdeps/unix/syscall-template.S
fn=(402) write
84 12
cfn=(404) __write_nocancel
calls=6 * 
* 30

fn=(404)
84 30

fl=(120) /build/glibc-Cl5G7W/glibc-2.23/stdlib/../sysdeps/x86_64/mul_1.S
fn=(502) __mpn_mul_1
32 23
+3 23
+1 23
+1 23
+1 23
+1 23
+2 23
+1 23
+2 23
+1 23
+1 23
+1 23
+1 19
+2 19
+1 19
+1 19
+1 19
+26 4
+1 4
+1 4
+1 4
+1 4
+1 4
+1 4
+1 4
+1 4
+26 4
+1 4
+1 4
+2 4
+1 4
+1 4
+1 4
+1 4
+1 4
+2 4
+3 4
-5 19
+2 19
+3 19

fl=(125) /build/glibc-Cl5G7W/glibc-2.23/stdlib/exit.c
fn=(524) exit
104 1
-1 1
+1 2
cfn=(526) __run_exit_handlers
calls=1 -69 
* 1147

fn=(526)
35 8
+5 1
cfi=(126) /build/glibc-Cl5G7W/glibc-2.23/stdlib/cxa_thread_atexit_impl.c
cfn=(528) __call_tls_dtors
calls=1 145 
* 11
* 1
+6 8
+4 6
+3 1
-1 1
+2 5
+33 1
+1 1
-1 1
+1 1
+6 2
+1 5
cfi=(89) /build/glibc-Cl5G7W/glibc-2.23/libio/genops.c
cfn=(584) _IO_cleanup
calls=1 948 
* 248
* 3
+2 2
cfi=(130) /build/glibc-Cl5G7W/glibc-2.23/posix/../sysdeps/unix/sysv/linux/_exit.c
cfn=(594) _Exit
calls=1 -70 
* 5
-19 1
+4 1
-4 1
+2 1
+2 1
-2 2
+2 1
cob=(1)
cfi=(127)
cfn=(530)
calls=1 +48 
* 827
+1 1

fl=(67)
fn=(256)
52 8
+6 3
+14 1
fi=(69) /build/glibc-Cl5G7W/glibc-2.23/csu/../sysdeps/unix/sysv/linux/x86_64/init-first.c
-36 1
fe=(67)
+34 1
+1 1
fi=(69)
-35 3
fe=(67)
+36 1
fi=(69)
-36 3
fi=(68) /build/glibc-Cl5G7W/glibc-2.23/csu/../sysdeps/generic/dl-hash.h
+12 3
+14 4
-17 3
+3 9
+14 12
-17 9
fi=(69)
-9 3
+2 2
-2 1
+2 2
cfi=(49) /build/glibc-Cl5G7W/glibc-2.23/elf/../sysdeps/unix/sysv/linux/dl-vdso.c
cfn=(184) _dl_vdso_vsym
calls=1 -11 
* 6
+1 2
+5 2
-3 2
+1 1
+2 1
cfi=(49)
cfn=(184)
calls=1 -17 
* 6
fe=(67)
+42 3
fi=(69)
-41 2
+1 1
fe=(67)
+40 1
cfi=(70) /build/glibc-Cl5G7W/glibc-2.23/misc/init-misc.c
cfn=(262) __init_misc
calls=1 -55 
* 48
+8 1
cfi=(72) /build/glibc-Cl5G7W/glibc-2.23/ctype/ctype-info.c
cfn=(266) __ctype_init
calls=1 -63 
* 16
+5 6
-34 1
-7 1
+7 4
fi=(69)
-25 2
fe=(67)

fl=(126)
fn=(528)
145 3
+1 4
+18 4

fl=(104)
fn=(422)
209 2
+1 6
+1 3
cfi=(105) /build/glibc-Cl5G7W/glibc-2.23/stdlib/random_r.c
cfn=(424) srandom_r
calls=1 -49 
* 10520
+1 4
+1 2

fn=(442) random
288 9
+3 54
+2 27
cfi=(105)
cfn=(426) random_r
calls=9 +64 
* 234
+2 36
+2 9
+1 18

fl=(123) /build/glibc-Cl5G7W/glibc-2.23/stdlib/mul.c
fn=(508) __mpn_mul
48 10
+6 1
-6 3
+6 1
+13 1
-1 2
+5 1
+1 2
+9 1
cfi=(120)
cfn=(502)
calls=1 -49 
* 32
+2 1
+5 1
-5 2
+1 1
+4 1
+54 8

fl=(91) /build/glibc-Cl5G7W/glibc-2.23/io/../sysdeps/unix/sysv/linux/wordsize-64/fxstat.c
fn=(358) _fxstat
34 1
-1 1
+1 1
+1 6
+4 1

fl=(94) /build/glibc-Cl5G7W/glibc-2.23/malloc/arena.c
fn=(368) ptmalloc_init.part.5
258 6
+13 1
-8 1
+8 1
+6 3
+2 5
+16 2
-56 74
-18 225
+2 148
+1 2
+1 2
340 2
+6 2
+1 2
+2 1
+1 7
-78 5
cfi=(95) /build/glibc-Cl5G7W/glibc-2.23/elf/dl-addr.c
cfn=(370) _dl_addr
calls=1 126 
* 57806
* 2
+1 4

fl=(115) /build/glibc-Cl5G7W/glibc-2.23/stdio-common/printf-parse.h
fn=(488) read_int
73 12
+12 12
-12 24
+2 84
+18 12

fl=(106)
fn=(440)
26 9
+1 9
cfi=(104)
cfn=(442)
calls=9 288 
* 387
+1 18

fl=(73)
fn=(268)
482 2
+12 1
-12 3
+12 3
+2 4
cfn=(270) handle_intel
calls=1 262 
* 455
+4 2
-4 1
+4 1
cfn=(270)
calls=1 262 
* 547
+2 1
-2 1
-1 1
+3 1
+9 2
+2 1
+1 1
+2 1
+5 2
+9 4
-9 4
+9 16
-9 12
+6 8
+69 4
+1 5
+55 2
+2 1
+1 1
+2 1
-3 1
+5 1
-5 1
+4 3
+4 2
+2 1
+1 1
+2 1
-3 1
+5 1
-5 1
+4 2
+3 1
-3 1
+3 5
532 1
+32 1
-26 6
+7 5
+2 1
+1 1
+1 2
-4 4
+2 1
+1 1
+1 6
+2 2
-6 2
+6 2
+5 1
+2 2
+1 1
-1 1
+1 3
+6 1
-1 1
+1 5

fn=(272) intel_check_word
133 8
+6 4
-7 20
+7 16
-7 4
+7 4
+2 4
-2 4
+2 4
+68 8
+3 24
-69 4
+2 8
-2 6
+2 12
+8 20
+51 16
+22 8
fi=(74) /build/glibc-Cl5G7W/glibc-2.23/string/../bits/stdlib-bsearch.h
27 8
+1 16
+3 16
+1 8
fe=(73)
+89 16
fi=(74)
-90 12
+1 6
fe=(73)
+89 12
+3 54
fi=(74)
-95 44
+2 44
-2 44
+2 80
+1 40
fe=(73)
+89 80
251 8
141 16
-6 2
256 24
fi=(74)
37 10
-8 24
fe=(73)
165 6
+3 6
+4 4
+2 4
+1 14
+2 7
-12 2
+12 2
+1 10
+1 10
+1 6
+17 3
-32 9
+3 9
+4 6
+2 6
+1 12
+2 12
+5 2
+2 4
+2 32

fn=(270)
262 4
-1 4
+17 2
-17 12
+14 2
+1 4
-3 6
+23 8
cfn=(272)
calls=2 133 
* 666
+1 4
+3 10
cfn=(272)
calls=2 133 
* 238
+1 4
-17 4
+5 2
-5 6
+5 2
+2 2
+1 2
-1 4
+27 16

fl=(98) /build/glibc-Cl5G7W/glibc-2.23/misc/sbrk.c
fn=(388) sbrk
34 2
+8 2
-8 6
+8 9
+4 4
+4 6
+12 5
-19 2
cfi=(99) /build/glibc-Cl5G7W/glibc-2.23/misc/../sysdeps/unix/sysv/linux/x86_64/brk.c
cfn=(390) brk
calls=1 -12 
* 12
* 4
+15 2
cfi=(99)
cfn=(390)
calls=1 -27 
* 12
* 2
+4 5

fl=(53)
fn=(198)
0 11

fl=(70)
fn=(262)
31 2
-1 3
+1 4
+2 3
cfi=(71) /build/glibc-Cl5G7W/glibc-2.23/string/../sysdeps/x86_64/strrchr.S
cfn=(264) rindex
calls=1 -9 
* 24
+4 5
+1 3
+2 4

fl=(99)
fn=(390)
31 16
+8 2
-6 4
+7 2

fl=(102) /build/glibc-Cl5G7W/glibc-2.23/string/../sysdeps/x86_64/memcpy.S
fn=(408) __GI_mempcpy
61 17
+4 17
+3 17
+1 17
+2 4
+1 4
+2 4
+1 4
+5 4
+1 4
-1 13
+1 13
+2 8
+1 8
+2 8
+1 8
+5 8
+1 8
-1 9
+1 9
+2 9
+1 9
+2 9
+1 9
+5 9
+1 9
-1 8
+1 8
+2 5
+1 5
+2 5
+1 10
+5 5
+1 5
-1 12
+1 13
+5 1
+1 1
+1 1
+1 1
+2 1
+2 1
+1 1
+2 1
+6 17
+4 17
+12 1
+2 1
+1 1
+26 1
+1 1
+3 1
+1 1
+1 1
+5 1
+2 1
+1 1
+1 1
+1 1
+2 1
+1 1
+1 1
+1 1
+2 1
+1 1
+2 1
+22 1
+2 1

fl=(75)
fn=(276)
33 3
+1 1

fl=(90) /build/glibc-Cl5G7W/glibc-2.23/libio/filedoalloc.c
fn=(354) _IO_file_doallocate
95 5
+15 6
cfi=(88) /build/glibc-Cl5G7W/glibc-2.23/libio/fileops.c
cfn=(356) _IO_file_stat
calls=1 1229 
* 14
* 2
+2 4
+11 3
+4 2
cob=(2)
cfi=(16)
cfn=(360) 0x0000000004f528a0
calls=1 0 
* 59399
* 1
+2 1
-1 2
+2 4
cfi=(89)
cfn=(392) _IO_setb
calls=1 380 
* 18
+1 1
+1 5
-15 1
-2 9
+5 2

fl=(124) /build/glibc-Cl5G7W/glibc-2.23/stdlib/../sysdeps/x86_64/rshift.S
fn=(510) __mpn_rshift
29 4
+1 4
+1 4
+13 4
+1 4
+16 4
+1 4
+1 4
+1 4
+1 4
+1 4
+1 4
+5 4
+1 4
+1 4
+1 4
+1 4

fl=(49)
fn=(184)
27 10
+4 10
-3 10

fl=(84)
fn=(336)
32 13729
+1 13729
+1 13729
+1 13729
+1 13729
+1 13729
+1 13729
+1 13729
+4 13729
+2 13729
+2 13729
cfi=(85) /build/glibc-Cl5G7W/glibc-2.23/gmon/mcount.c
cfn=(338) __mcount_internal
calls=13729 +13 
* 109832
+6 13729
+1 13729
+1 13729
+1 13729
+1 13729
+1 13729
+1 13729
+1 13729
+1 13729

fl=(113) /build/glibc-Cl5G7W/glibc-2.23/stdio-common/vfprintf.c
fn=(484) vfprintf
1236 32
+31 12
+8 12
+4 20
+11 20
+11 4
fi=(115)
108 12
fe=(113)
1316 4
-15 20
fi=(115)
108 4
cfi=(114) /build/glibc-Cl5G7W/glibc-2.23/string/../sysdeps/x86_64/strchr.S
cfn=(486) strchrnul
calls=4 -84 
* 80
fe=(113)
1316 4
fi=(115)
108 4
fe=(113)
1312 4
+4 8
+4 32
cfi=(88)
cfn=(348) _IO_file_xsputn@@GLIBC_2.2.5
calls=4 -33 
* 528
* 16
1685 20
+3 4
+1 32
1275 8
+41 24
+1 56
1685 20
+1 8
1320 8
+4 4
-4 4
+4 8
+4 48
1552 8
-21 8
1632 8
-1 8
1370 180
-7 12
-1 12
-3 12
-1 12
+8 12
+4 12
-3 12
-10 12
-1 12
-1 12
-1 12
-1 12
+14 12
-15 12
-1 12
-1 12
-1 12
+18 24
1649 12
+2 24
+8 12
fi=(115)
108 24
fe=(113)
1659 12
fi=(115)
108 12
fe=(113)
1659 12
fi=(115)
108 24
cfi=(114)
cfn=(486)
calls=12 -84 
* 240
fe=(113)
1663 12
-4 12
+4 132
cfi=(88)
cfn=(348)
calls=12 1287 
* 1536
* 156
+2 28
-77 72
+43 624
cfi=(116) /build/glibc-Cl5G7W/glibc-2.23/stdio-common/printf_fp.c
cfn=(490) __printf_fp
calls=12 1257 
* 7553
* 264
1489 48
cfi=(115)
cfn=(488)
calls=12 73 
* 144
+2 12
-2 12
+2 36
+8 36
+18 48
+3 144
+3 36
+1 36
+26 12
+14 12
-14 24
+38 168

fl=(110)
fn=(468)
32 1
+2 1
+1 1
+6 1
+1 1
+1 1
+1 1

fl=(128) /build/glibc-Cl5G7W/glibc-2.23/stdlib/cxa_finalize.c
fn=(552) __cxa_finalize
31 8
+17 2
-17 8
+4 8
+4 12
-4 6
+32 8
+4 12
-4 6
+12 4
+3 2
-2 2
+2 12
-2 2
cfi=(129) /build/glibc-Cl5G7W/glibc-2.23/nptl/unregister-atfork.c
cfn=(554) __unregister_atfork
calls=2 -52 
* 20

fl=(72)
fn=(266)
31 5
+2 1
+2 1
-4 1
+4 1
-4 1
+2 3
+2 3

fl=(89)
fn=(396) _IO_default_xsputn
425 2
-3 10
+8 72
+25 121
cfi=(88)
cfn=(350) _IO_file_overflow@@GLIBC_2.2.5
calls=17 808 
* 561
* 34
+2 17
-2 34
+4 1
+1 1
-1 1
+1 5

fn=(398) __overflow
230 42
+2 42
cfi=(88)
cfn=(350)
calls=14 808 
* 664

fn=(584)
948 2
+3 1
-3 2
-50 1
+50 1
+3 1
cfn=(586) _IO_flush_all_lockp
calls=1 760 
* 90
-63 1
+63 1
-63 2
+10 3
+8 5
+2 2
+2 1
+1 1
-1 1
+2 2
+3 5
cfi=(88)
cfn=(588) _IO_file_setbuf@@GLIBC_2.2.5
calls=1 450 
* 66
+2 3
+4 2
+7 3
-40 9
+2 6
+2 7
+6 12
+65 7
-42 3
+1 8

fn=(590) _IO_default_setbuf
522 4
+1 1
-1 2
+1 1
cfi=(88)
cfn=(592) _IO_file_sync@@GLIBC_2.2.5
calls=1 868 
* 13
* 2
+9 1
-7 1
+7 1
-7 1
388 1
-5 1
+1 1
+4 1
535 1
+2 1
-2 2
+1 3
+2 4
381 1
527 1
+1 1
-1 1
+1 1
381 4

fn=(586)
760 8
+6 3
+11 2
+16 2
-17 2
-1 2
+1 3
-1 1
+1 1
+3 9
+10 6
+4 3
-2 3
+2 6
+7 3
-27 6
+31 2
+2 2
+4 9
-38 1
-6 1
+5 1
+2 2
+6 12

fn=(392)
380 3
+1 4
+3 1
+2 4
-3 1
+3 2
+3 3

fn=(352) _IO_doallocbuf
395 2
-1 3
+3 4
+1 3
cfi=(90)
cfn=(354)
calls=1 95 
* 59479
* 2
+3 4

fl=(118) /build/glibc-Cl5G7W/glibc-2.23/stdlib/../sysdeps/ieee754/dbl-64/dbl2mpn.c
fn=(496) __mpn_extract_double
37 12
-4 12
+4 24
+1 12
+9 24
+9 12
-18 36
+18 12
-18 12
+9 12
+9 12
+4 8
+43 16
+4 8
-4 8
+4 8
-45 4
+45 8

fl=(85)
fn=(338)
60 13729
+12 27458
-12 13729
+12 27458
174 27458

fl=(81) /build/glibc-Cl5G7W/glibc-2.23/setjmp/../sysdeps/x86_64/bsd-_setjmp.S
fn=(324) _setjmp
30 1
+2 1
cfi=(82) /build/glibc-Cl5G7W/glibc-2.23/setjmp/../sysdeps/x86_64/setjmp.S
cfn=(326) __sigsetjmp
calls=1 -6 
* 28

fl=(130)
fn=(594)
27 2
+4 1
+2 2

fl=(95)
fn=(370)
126 9
+5 1
-5 2
+5 2
cob=(1)
cfi=(2)
cfn=(50)
calls=1 704 
* 2
+2 2
cob=(1)
cfi=(77)
cfn=(301)
calls=1 -69 
* 1327
* 5
+2 2
30 1
+1 1
-1 1
+1 1
+3 2
+5 1
+6 1
-7 1
+2 2
+2 1
-2 1
+2 1
+3 1
+5 8
+2 1
+1 2
-1 1010
+1 2020
+2 3628
+9 2010
+7 24
-2 24
+2 2259
-2 2211
+2 5750
-10 11175
+2 8940
+1 14318
+7 1011
-21 2022
+49 3
+1 1
+1 3
+3 2
+37 2
cob=(1)
cfi=(2)
cfn=(52)
calls=1 710 
* 2
+3 9
-28 1
+1 1
+21 2

fl=(116)
fn=(500) hack_digit
169 60
+3 68
+2 76
+2 38
+1 19
-1 19
+1 38
-1 19
+1 19
cfi=(120)
cfn=(502)
calls=19 32 
* 380
* 19
+32 114
-37 24
+37 5

fn=(492) __printf_fp_l
215 120
+39 12
-39 12
+30 12
+16 12
-7 36
+10 12
-10 24
+10 12
fi=(117) /build/glibc-Cl5G7W/glibc-2.23/stdio-common/../include/../locale/localeinfo.h
+42 36
fe=(116)
-39 24
+18 36
+33 12
-2 24
+16 12
+2 12
-2 12
+46 12
+3 24
+14 48
+16 96
cfi=(118)
cfn=(496)
calls=12 37 
* 240
+4 12
-4 12
+4 24
+36 12
+12 12
-9 108
+1 60
+1 24
+1 24
-2 12
+1 12
-1 12
+2 12
+7 12
-8 12
+1 12
+7 12
638 24
806 32
cfi=(119) /build/glibc-Cl5G7W/glibc-2.23/stdlib/../sysdeps/x86_64/lshift.S
cfn=(498) __mpn_lshift
calls=8 29 
* 120
+1 40
+1 8
+14 16
-10 8
+10 8
-10 8
+10 16
+2 8
-2 8
+2 8
-2 8
-10 4
+10 4
-10 4
+10 8
+2 4
-2 4
+2 4
+10 24
+48 12
-61 12
+61 24
+14 84
+7 12
fi=(132) /build/glibc-Cl5G7W/glibc-2.23/stdio-common/../sysdeps/pthread/allocalim.h
29 24
fe=(116)
913 84
+4 12
-3 24
+3 32
+3 32
-6 64
+9 24
cfn=(500)
calls=8 169 
* 360
-3 8
+3 8
-3 48
+7 40
+2 12
+12 36
+1 84
+1 48
+1 24
1250 108
944 36
+15 60
+1 36
cfn=(500)
calls=12 169 
* 538
+2 39
+1 3
-1 3
fi=(121) /build/glibc-Cl5G7W/glibc-2.23/stdio-common/../sysdeps/generic/get-rounding-mode.h
94 12
+1 60
fe=(116)
1078 48
+7 48
+1 48
+2 24
+13 36
+46 72
+2 72
+2 12
-2 12
+2 48
964 27
+3 9
-4 9
+4 9
+5 9
-1 9
+1 101
248 12
1154 24
+7 48
+9 36
+7 12
+3 12
-3 36
+5 24
cfi=(87) /build/glibc-Cl5G7W/glibc-2.23/string/../sysdeps/x86_64/strlen.S
cfn=(346) strlen
calls=12 66 
* 192
* 12
+2 36
+5 36
+2 12
-2 12
+2 12
-2 12
+2 12
+18 156
+3 24
+3 24
-6 36
+1 36
837 4
+2 4
-1 4
+10 4
-11 8
fi=(121)
95 24
fi=(122) /build/glibc-Cl5G7W/glibc-2.23/stdio-common/../include/rounding-mode.h
-43 54
fe=(116)
959 8
1156 36
837 12
-1 12
+1 48
+3 36
+2 8
-3 8
-1 8
+4 8
+2 16
-7 8
+5 8
-5 16
984 9
+25 6
+4 9
+2 3
-2 3
+2 21
646 16
cfi=(119)
cfn=(498)
calls=4 29 
* 60
+1 4
+4 4
-8 4
+28 4
-30 4
+30 4
-24 4
+4 4
-4 12
+52 4
-57 4
+8 4
+1 4
+20 4
+28 8
-43 4
+2 8
-2 44
+2 88
+7 2
+1 2
-1 3
+9 3
+1 2
+3 2
+1 2
+8 1
-8 1
-1 1
+1 1
-1 1
+1 1
-1 1
+1 1
-1 1
+1 2
+8 3
+22 3
+9 2
-1 1
+1 2
+5 3
-6 1
+6 1
+3 3
+34 2
cfi=(124)
cfn=(510)
calls=1 29 
* 17
+3 5
+7 184
+24 12
671 5
cfi=(123)
cfn=(508)
calls=1 48 
* 68
* 1
+5 3
935 4
+2 4
-1 4
816 4
935 4
+2 12
1239 36
+7 24
967 84
1219 24
+17 60
-78 24
928 32
-3 16
-76 12
1020 9
772 16
+4 15
cfi=(120)
cfn=(502)
calls=3 32 
* 96
+1 3
+3 6
+1 3
-4 3
+3 3
+1 12
+9 3
+1 3
-1 6
1236 216
cfi=(89)
cfn=(398)
calls=12 230 
* 468
* 24
-34 72
750 3
-23 2
+10 1
-3 2
+3 3
1159 48
789 6
cfi=(124)
cfn=(510)
calls=3 29 
* 51
* 3
568 12
1185 24

fn=(490)
1257 12
-1 12
+1 48
cfn=(492)
calls=12 215 
* 7481

fl=(82)
fn=(326)
26 1
+9 1
+1 2
+1 1
+4 1
+1 1
+1 1
+1 1
+1 1
+2 2
+2 1
+1 1
+1 1
+2 2
+2 1
+9 1
cfi=(83) /build/glibc-Cl5G7W/glibc-2.23/setjmp/sigjmp.c
cfn=(328) __sigjmp_save
calls=1 -36 
* 9

fl=(129)
fn=(554)
28 8
+8 2
+3 4
+82 6

fl=(97) /build/glibc-Cl5G7W/glibc-2.23/malloc/morecore.c
fn=(386) __default_morecore
46 2
+1 2
cfi=(98)
cfn=(388)
calls=2 -13 
* 73
+1 6
+4 4

fl=(88)
fn=(400) _IO_file_write@@GLIBC_2.2.5
1258 6
-2 36
+2 24
+4 12
+1 12
+10 18
+3 36
-13 24
cfi=(100)
cfn=(402)
calls=6 84 
* 42
+1 12
+5 6
+1 6
-12 30

fn=(592)
868 1
+5 1
-5 1
+5 3
+2 1
+1 2
+17 2
+4 2

fn=(348)
1287 18
-1 36
-6 180
+13 72
+17 4
+4 17
+5 68
cfi=(102)
cfn=(408)
calls=17 61 
* 378
* 17
+6 17
-1 17
+1 34
+2 34
+27 36
+1 144
-24 5
cfn=(350)
calls=1 808 
* 59551
* 2
+6 10
+1 15
+2 15
+11 10
+1 4
cfi=(89)
cfn=(396)
calls=1 425 
* 859
* 2
-57 51
+1 34
+3 51
+2 424
-2 298
+39 20
-35 4
+11 20
+17 16
cfn=(350)
calls=4 808 
* 464
* 8

fn=(350)
808 108
+7 36
-8 180
+8 176
+35 72
+3 62
+3 93
+1 93
+1 124
+4 31
+1 124
-45 2
+12 2
+9 4
+8 1
-4 1
+3 2
-2 2
-3 1
+1 2
+5 1
-1 1
+1 3
+1 2
+12 2
-1 8
cfn=(394) _IO_do_write@@GLIBC_2.2.5
calls=2 494 
* 188
* 4
-8 10
+12 15
-12 5
cfn=(394)
calls=5 494 
* 380
-31 2
cfi=(89)
cfn=(352)
calls=1 395 
* 59497
+1 6

fn=(394)
494 21
+1 1
-3 48
+11 12
+7 24
+8 30
cfn=(400)
calls=6 1258 
* 264
* 6
+1 30
+6 6
-4 6
+4 6
-4 18
+1 12
+3 6
-2 6
-29 24
+1 36
+29 12

fn=(356)
1229 1
+1 3
cfi=(91)
cfn=(358)
calls=1 34 
* 10

fn=(588)
450 2
+1 1
cfi=(89)
cfn=(590)
calls=1 +71 
* 51
* 2
+4 2
-1 2
+2 3
+2 1
+1 2

fl=(119)
fn=(498)
29 12
+1 12
+2 12
+1 12
+1 12
+12 12
+1 12
+1 12
+1 12
+1 12
+1 12
+1 12
+6 12
+1 12
+1 12

fl=(50)
fn=(190)
45 1
+1 1
+1 1
+1 1
+1 1
+1 1

fn=(186)
45 1
+1 1
+1 1
+1 1
+1 1
+1 1

fl=(83)
fn=(328)
28 1
+1 1
-1 2
+1 2
+5 3

fl=(87)
fn=(346)
66 14
+1 14
+1 14
+1 14
+1 14
+1 14
+1 14
+2 14
+2 14
+30 14
+1 14
+1 14
+1 14
+1 14
+1 12
+1 12
+4 2
+1 2
+1 2
+1 2
+1 2
+1 2
+1 2
+1 2
+1 2
+1 2
+1 2
+1 2
+5 16

fl=(47)
fn=(416)
30 2
+1 1

fn=(180)
38 2
-1 2
+1 12
fi=(48) /build/glibc-Cl5G7W/glibc-2.23/time/../sysdeps/generic/dl-hash.h
+10 6
+14 8
-17 6
+3 18
+14 24
-17 18
fe=(47)
-7 6
+3 4
-3 2
+3 2
cfi=(49)
cfn=(184)
calls=2 -14 
* 12
+1 6
+1 4

fl=(114)
fn=(486)
24 16
+1 16
+1 16
+1 16
+1 16
+1 16
+1 16
+1 16
+1 16
+1 16
+1 16
+1 16
+1 16
+1 16
+1 16
+1 16
+1 16
+1 16
+2 16
+7 16

fl=(112)
fn=(482)
28 64
+4 4
+1 8
-1 20
+1 12
cfi=(113)
cfn=(484)
calls=4 1236 
* 13029
+4 8

fl=(52)
fn=(194)
37 1
-1 1
+1 6
fi=(48)
+11 3
+14 4
-17 3
+3 9
+14 12
-17 9
fe=(52)
-8 3
+3 2
-3 1
+3 1
cfi=(49)
cfn=(184)
calls=1 -13 
* 6
+1 3
+1 2

fl=(80) /build/glibc-Cl5G7W/glibc-2.23/stdlib/cxa_atexit.c
fn=(308) __cxa_atexit
57 5
-22 1
+22 1
-22 1
cfn=(310) __new_exitfn
calls=1 +38 
* 38
+2 2
+4 1
+3 1
+1 1
-4 2
+2 1
+4 1
+1 1
+11 4

fn=(310)
73 2
+6 1
-6 1
+6 1
-6 1
+6 4
+2 6
+2 3
-2 1
+10 2
-10 2
+45 1
+1 1
+3 4
+3 5
-21 1
+1 2

fl=(92)
fn=(362)
2902 6
+5 4
+1 4
+3 8
+2 3
cfn=(380) _int_malloc
calls=1 3349 
* 140
+3 1
-3 1
+3 1
+8 4
+2 11
+3 4
-18 6
-2 1
+20 3
-20 1
cfi=(93) /build/glibc-Cl5G7W/glibc-2.23/malloc/hooks.c
cfn=(364) malloc_hook_ini
calls=1 29 
* 59386

fn=(520) _int_free
3841 9
+13 1
-13 1
+13 2
+6 4
+1 2
+11 4
+13 2
4105 8
3960 2
+1 3
+15 2
+8 3
+6 2
+1 2
+1 2
1886 3
4001 2
+7 2
+65 2
+1 2
+3 3
3962 5
+8 1
-4 1
+4 3
-7 2
4093 3
+1 3
+1 5
-41 1
+1 3
+1 2
-80 5
4079 5
+2 4
cfn=(522) systrim.isra.2
calls=1 2759 
* 28
* 1

fn=(522)
2759 7
+11 3
+2 1
+1 2
-4 1
+8 3
+2 2
-5 1
+49 8

fn=(382) malloc_consolidate
4144 2
4996 4
1808 3
-3 2
+3 378
-3 252
+7 3
+5 1
+2 1
-2 2
-1 3

fn=(380)
3349 6
-30 4
+30 2
-30 8
+30 6
-30 2
+30 6
+4 6
+14 4
+37 4
+2 3
+1 3
+2 1
-2 1
+2 2
+39 4
+1 2
+1 2
cfn=(382)
calls=1 4144 
* 651
3819 28
-2 2
+2 2
-2 2
+2 4
5002 2
3817 2
+2 2
5004 2
3819 2
5004 2
3819 6
5004 4
3819 8
5002 4
3469 10
3833 18
3603 4
+73 4
+1 4
+1 4
+1 4
+1 4
+5 4
+4 6
+3 8
-3 6
+3 4
-3 2
+3 3
3792 2
+3 2
-2 4
+2 4
+17 2
3605 3
+3 1
-3 1
+3 3
3448 3
1879 4
3827 3
cfn=(384) sysmalloc
calls=1 2268 
* 249
+1 2
-28 1
-3 1
+1 1
+2 1
-1 1
+1 2
+2 1
-2 4
+2 1
+3 1
1879 3

fn=(518)
2934 5
+5 2
+1 2
+6 2
+5 1
-2 1
+2 2
+16 3
+1 2
cfn=(520)
calls=1 3841 
* 135
+1 6

fn=(384)
2268 8
+20 1
+11 1
-11 1
+11 1
+1 5
fi=(94)
488 3
fe=(92)
2315 5
+65 1
+1 3
+10 1
-9 1
+9 5
+6 4
+3 3
2723 2
+1 1
+8 4
+5 1
-3 1
+3 1
-2 1
+2 3
+1 1
-1 1
-1 1
+4 1
-3 2
+1 1
+8 9
2463 1
-8 4
+8 1
+21 5
cfi=(97)
cfn=(386)
calls=1 46 
* 62
* 1
+1 1
+3 4
+3 2
+1 2
+20 2
+26 2
+2 2
+6 1
-6 1
+6 1
2321 1
2464 1
+10 5
+8 1
-8 1
+8 1
+67 7
+37 2
+6 3
+19 1
+3 2
+1 5
+2 1
-2 1
+2 1
+1 3
cfi=(97)
cfn=(386)
calls=1 46 
* 25
+12 2
+8 1
+1 1
-1 2
+1 2
+39 1
+1 1
-2 1
+1 3
+12 1
-12 1
+1 1
+11 1
2539 5

fl=(46)
fn=(178)
109 1
+1 1
+1 1
+1 1
+10 1

fn=(188)
129 1
+1 1
+1 1
+1 1
+10 1

fl=(51)
fn=(192)
30 1
+1 1
+1 1
+1 1
+1 1
+1 1

fl=(93)
fn=(364)
29 4
fi=(94)
260 1
fe=(93)
30 1
fi=(94)
260 1
fe=(93)
30 1
fi=(94)
260 1
fi=(92)
2911 7
+2 3
cfn=(380)
calls=1 3349 
* 1034
+3 1
-3 1
+3 1
+8 4
+2 11
fe=(93)
33 4
fi=(92)
2911 6
+12 1
cfi=(94)
cfn=(368)
calls=1 258 
* 58301
* 1
-15 2
fe=(93)

fl=(105)
fn=(426)
357 1276
+5 319
-2 319
+2 638
+9 319
+1 319
+1 319
+3 638
+3 319
-3 319
+2 319
+2 319
-2 319
+5 319
-3 319
-20 309
+31 309
-31 309
+34 309
-2 618
-32 10
+32 10
-1 10
+3 20

fn=(424)
162 4
+8 2
+2 1
+1 2
+3 1
+2 3
+3 1
-1 1
+1 1
+5 1
+1 1
+7 1
-7 1
-1 1
+1 2
+7 12
+2 3
+1 1
-10 3
+7 348
+2 87
+1 29
-10 87
+13 2
+1 2
-1 2
+2 1
+1 4
+3 2
-3 1
+3 1
cfn=(426)
calls=1 357 
* 26
* 618
-3 309
+3 309
cfn=(426)
calls=309 357 
* 8024
-3 620
+7 1
+4 5

fl=(79)
fn=(306)
134 7
+4 1
-4 3
+4 3
+82 1
-82 1
+82 1
+1 4
cfi=(80)
cfn=(308)
calls=1 57 
* 60
+22 4
+3 2
+1 5
cob=(6)
cfi=(76)
cfn=(312) __libc_csu_init
calls=1 0 
* 50
+4 4
+15 2
+12 2
cfi=(81)
cfn=(324)
calls=1 30 
* 30
+1 2
+5 2
+1 2
+3 2
+3 6
cob=(6)
cfi=(76)
cfn=(330) main
calls=1 0 
* 2483567
+34 2
cfi=(125)
cfn=(524)
calls=1 104 
* 1151
138 2

fl=(111)
fn=(470)
41 1204
+4 1204
+1 1204
+1 1204
+1 1204
+1 1204
+1 1204
+38 1204
+1 1204
+23 1204
+1 1204
+13 1204
+1 1204
+1 1204
+1 1204
+1 1204

fl=(71)
fn=(264)
24 1
+1 1
+1 1
+1 1
+1 1
+1 1
+1 1
+1 1
+1 1
+1 1
+1 1
+1 1
+1 1
+1 1
+1 1
+1 1
+1 1
+1 1
+1 1
+1 1
+1 1
+1 1
+1 1
+1 1

fl=(86)
fn=(344)
33 8
+2 2
cfi=(87)
cfn=(346)
calls=2 +31 
* 68
+1 2
-1 2
+1 34
+3 7
+1 4
cfi=(88)
cfn=(348)
calls=1 1287 
* 60468
* 4
cfi=(88)
cfn=(348)
calls=1 1287 
* 403
* 4
+1 8
+1 8
fi=(101) /build/glibc-Cl5G7W/glibc-2.23/libio/libioP.h
866 4
fe=(86)
38 2
fi=(101)
867 16
fe=(86)
46 10
-5 4
cfi=(89)
cfn=(398)
calls=2 230 
* 280
* 4

ob=(2)
fl=(16)
fn=(314) 0x0000000000400810
0 6

fn=(278)
0 6

fn=(542)
0 3

fn=(360)
0 1
cob=(3)
cfi=(92)
cfn=(362)
calls=1 2902 
0 59398

fn=(582)
0 3

fn=(244)
0 6

fn=(572) 0x0000000004c2f5f8
0 1
cob=(3)
cfi=(128)
cfn=(552)
calls=1 31 
0 56

fn=(550) 0x0000000004a28570
0 1
cob=(3)
cfi=(128)
cfn=(552)
calls=1 31 
0 56

fn=(564)
0 3

fn=(82)
0 1
cob=(1)
cfi=(17)
cfn=(84)
calls=1 120 
0 6

ob=(5)
fl=(66)
fn=(248)
0 17

fn=(544)
0 8
cob=(2)
cfi=(16)
cfn=(550)
calls=1 0 
0 57
0 1
cfn=(558) 0x0000000000000580
calls=1 0 
0 9
0 3

fn=(558)
0 9

ob=(6)
fl=(76)
fn=(312)
0 15
cob=(2)
cfi=(16)
cfn=(314)
calls=1 0 
0 6
0 8
cfn=(318) 0x0000000000400a30
calls=1 0 
0 10
0 11

fn=(446) genann_act_sigmoid
0 16384
cob=(3)
cfi=(84)
cfn=(336)
calls=4096 32 
0 114688
0 4096
0 49152
cob=(4)
cfi=(107)
cfn=(452)
calls=4095 25 
0 474949
cob=(1)
cfi=(77)
cfn=(301)
calls=1 64 
0 995
0 4100
0 28672

fn=(460) genann_train
0 4800
cob=(3)
cfi=(84)
cfn=(336)
calls=1200 32 
0 33600
0 1200
0 10800
cfn=(462) genann_run
calls=1200 0 
0 811010
0 759600

fn=(476) genann_act_output_indirect
0 4816
cob=(3)
cfi=(84)
cfn=(336)
calls=1204 32 
0 33712
0 1204
0 9632
cfn=(474) genann_act_sigmoid_cached
calls=1204 0 
0 83076
0 6020

fn=(472) genann_act_hidden_indirect
0 9632
cob=(3)
cfi=(84)
cfn=(336)
calls=2408 32 
0 67424
0 2408
0 19264
cfn=(474)
calls=2408 0 
0 166152
0 12040

fn=(428) genann_init
0 4
cob=(3)
cfi=(84)
cfn=(336)
calls=1 32 
0 28
0 1
0 62
cob=(1)
cfi=(77)
cfn=(301)
calls=1 64 
0 1142
0 5
0 46
cfn=(434) genann_randomize
calls=1 0 
0 1634
0 7
cfn=(444) genann_init_sigmoid_lookup
calls=1 0 
0 754530
0 3

fn=(292)
0 11
cob=(1)
cfi=(77)
cfn=(300)
calls=1 64 
0 2485976
0 5

fn=(434)
0 4
cob=(3)
cfi=(84)
cfn=(336)
calls=1 32 
0 28
0 1
0 12
cob=(3)
cfi=(106)
cfn=(440)
calls=8 26 
0 376
cob=(1)
cfi=(77)
cfn=(301)
calls=1 64 
0 1022
0 13
0 178

fn=(318)
0 10

fn=(330)
0 4
cob=(1)
cfi=(77)
cfn=(301)
calls=1 64 
0 1016
0 5
0 7
cob=(1)
cfi=(77)
cfn=(301)
calls=1 64 
0 61642
0 5
0 2
cob=(3)
cfi=(86)
cfn=(344)
calls=1 33 
0 639
0 1
0 2
cob=(1)
cfi=(77)
cfn=(301)
calls=1 64 
0 1029
0 5
0 2
cob=(1)
cfi=(77)
cfn=(301)
calls=1 64 
0 11519
0 5
0 29
cfn=(428)
calls=1 0 
0 757462
0 2103
cfn=(460)
calls=300 0 
0 406010
0 2700
cfn=(460)
calls=300 0 
0 405000
0 2700
cfn=(460)
calls=300 0 
0 405000
0 2700
cfn=(460)
calls=300 0 
0 405000
0 907
cfn=(462)
calls=1 0 
0 675
0 6
cob=(1)
cfi=(77)
cfn=(301)
calls=1 64 
0 4320
0 5
0 6
cfn=(462)
calls=1 0 
0 675
0 6
cob=(3)
cfi=(112)
cfn=(482)
calls=1 28 
0 3276
0 1
0 6
cfn=(462)
calls=1 0 
0 675
0 6
cob=(3)
cfi=(112)
cfn=(482)
calls=1 28 
0 3276
0 1
0 6
cfn=(462)
calls=1 0 
0 675
0 6
cob=(3)
cfi=(112)
cfn=(482)
calls=1 28 
0 3276
0 1
0 3
cfn=(512) genann_free
calls=1 0 
0 1166
0 6

fn=(474)
0 14448
cob=(3)
cfi=(84)
cfn=(336)
calls=3612 32 
0 101136
0 3612
0 130032

fn=(444)
0 4
cob=(3)
cfi=(84)
cfn=(336)
calls=1 32 
0 28
0 1
0 32784
cfn=(446)
calls=4096 0 
0 693036
0 28677

fn=(462)
0 6020
cob=(3)
cfi=(84)
cfn=(336)
calls=1204 32 
0 33712
0 1204
0 31304
cob=(3)
cfi=(111)
cfn=(470)
calls=1203 41 
0 19248
cob=(1)
cfi=(77)
cfn=(301)
calls=1 64 
0 1022
0 1208
0 146888
cfn=(472)
calls=2408 0 
0 276920
0 109564
cfn=(476)
calls=1204 0 
0 138460
0 48160

fn=(512)
0 4
cob=(3)
cfi=(84)
cfn=(336)
calls=1 32 
0 28
0 1
0 4
cob=(1)
cfi=(77)
cfn=(301)
calls=1 64 
0 1121
0 5
0 3

fn=(532)
0 5
cfn=(536) 0x0000000000400990
calls=1 0 
0 4
0 3

fn=(536)
0 4

ob=(4)
fl=(54)
fn=(202)
9 8

fl=(108) /build/glibc-Cl5G7W/glibc-2.23/math/../sysdeps/ieee754/dbl-64/e_exp.c
fn=(456) __ieee754_exp_avx
56 16384
fi=(109) /build/glibc-Cl5G7W/glibc-2.23/math/../sysdeps/i386/fpu/fenv_private.h
429 4096
+1 12288
+3 4096
-3 4096
+3 4096
fe=(108)
66 4096
-1 4096
+1 4096
+1 8192
+2 12288
+2 4095
+6 4095
-6 4095
+19 4095
-19 4095
+8 4095
-3 4095
-5 4095
+1 4095
+2 4095
-2 4095
+13 16380
-13 4095
+4 4095
+1 8190
+2 4095
-2 4095
+2 4095
+2 4095
+1 4095
+5 4095
+1 4095
-1 4095
+1 4095
-1 4095
+3 4095
+1 4095
-9 4095
+1 4095
+4 4095
+4 12285
-1 4095
-8 4095
+8 8190
+1 4095
-1 8190
-7 8190
+7 4095
-7 4095
+8 4095
-8 8190
+8 12285
-8 4095
+8 4095
+3 8190
-3 4095
+3 4095
-3 4095
+3 12285
+1 8190
+2 28665
+2 8190
fi=(109)
445 8192
fe=(108)
231 16384
109 2
+2 2

fl=(63)
fn=(220)
25 1
+1 1
+1 1
+1 1
+2 1

fl=(57)
fn=(208)
25 1
+1 1
+1 1
+1 1
+2 1

fl=(62)
fn=(224)
16 5

fn=(218)
10 5

fl=(60)
fn=(576) 0x0000000000005600
0 9

fn=(566)
0 8
cob=(2)
cfi=(16)
cfn=(572)
calls=1 0 
0 57
0 1
cfn=(576)
calls=1 0 
0 9
0 3

fn=(214)
0 8

fn=(228)
0 8

fn=(226)
0 8

fn=(282)
0 17

fl=(59)
fn=(212)
8 5

fl=(55)
fn=(204)
12 8

fl=(107)
fn=(452)
25 4096
+1 8192
cfi=(108)
cfn=(456)
calls=4096 +30 
* 409529
* 4096
+1 40960
+5 8192

fl=(56)
fn=(206)
25 1
+1 1
+1 1
+1 1
+2 1

fl=(61)
fn=(216)
25 1
+1 1
+1 1
+1 1
+2 1

fl=(64)
fn=(222)
25 1
+1 1
+1 1
+1 1
+2 1

fl=(58)
fn=(210)
25 1
+1 1
+1 1
+1 1
+2 1

totals: 2599144
