0.00198293,
0.00102901,
0.00075483,
0.00052905,
0.00043988,
0.00037980,
0.00033188,
0.00036502,
0.00039601,
0.00070310,
0.00047088,
0.00032401,
0.00029397,
0.00073695,
0.00079584,
0.00174093,
0.00190616,
0.00103116,
0.00077200,
0.00105286,
0.01964903,
0.01023889,
0.00683713,
0.00512314,
0.00521612,
0.00349808,
0.00312495,
0.00299287,
0.00296593,
0.00260305,
0.00222898,
0.00341821,
0.00229597,
0.00282407,
0.00179887,
0.00223207,
0.00187683,
0.00341010,
0.00228310,
0.00199509,
0.00198388,
0.00102687,
0.00077605,
0.00064683,
0.00044012,
0.00038815,
0.00033402,
0.00030899,
0.00029206,
0.00034189,
0.00085497,
0.00050783,
0.00040793,
0.00061417,
0.00069189,
0.00132990,
0.00018501,
0.00134587,
0.00053692,
0.00111485,
0.02032280,
0.01014519,
0.00675988,
0.00525188,
0.00422502,
0.00353289,
0.00378990,
0.00342488,
0.00251603,
0.00259900,
0.00271988,
0.00233293,
0.00257182,
0.00211310,
0.00214696,
0.00255609,
0.00221586,
0.00172400,
0.00263715,
0.00170398,
0.19611311,
0.10090208,
0.06752205,
0.05077600,
0.04394007,
0.03490520,
0.03067303,
0.02683210,
0.02461791,
0.02297211,
0.02088094,
0.02011085,
0.02040792,
0.01682997,
0.01604104,
0.01547003,
0.01437211,
0.01291299,
0.01312113,
0.01253295,
